# Mortality data at baseline in 2011. 
Age	Sex	Ethnicity	EthnicityIndex	Value
0	0	White	0	0.001518136
1	0	White	0	0.000291142
2	0	White	0	0.000188158
3	0	White	0	0.000148257
4	0	White	0	0.000135855
5	0	White	0	0.000131927
6	0	White	0	0.000140243
7	0	White	0	0.000134781
8	0	White	0	0.000106058
9	0	White	0	0.000106632
10	0	White	0	0.000121439
11	0	White	0	0.000131123
12	0	White	0	0.000152596
13	0	White	0	0.000168073
14	0	White	0	0.000167113
15	0	White	0	0.000182393
16	0	White	0	0.000272515
17	0	White	0	0.000400976
18	0	White	0	0.000459824
19	0	White	0	0.000484874
20	0	White	0	0.000500989
21	0	White	0	0.000509016
22	0	White	0	0.000511409
23	0	White	0	0.00056333
24	0	White	0	0.000595895
25	0	White	0	0.000552528
26	0	White	0	0.000593813
27	0	White	0	0.000630318
28	0	White	0	0.000699643
29	0	White	0	0.000706269
30	0	White	0	0.00069196
31	0	White	0	0.000752546
32	0	White	0	0.000855346
33	0	White	0	0.001002428
34	0	White	0	0.001062901
35	0	White	0	0.001084855
36	0	White	0	0.001121589
37	0	White	0	0.001175768
38	0	White	0	0.001219019
39	0	White	0	0.001408779
40	0	White	0	0.001579038
41	0	White	0	0.001634881
42	0	White	0	0.001746594
43	0	White	0	0.001803449
44	0	White	0	0.00187747
45	0	White	0	0.002014139
46	0	White	0	0.002222715
47	0	White	0	0.002470577
48	0	White	0	0.002794358
49	0	White	0	0.002807622
50	0	White	0	0.002852085
51	0	White	0	0.003352033
52	0	White	0	0.00387319
53	0	White	0	0.004656025
54	0	White	0	0.005062282
55	0	White	0	0.005321249
56	0	White	0	0.005934708
57	0	White	0	0.006384483
58	0	White	0	0.006673356
59	0	White	0	0.007376656
60	0	White	0	0.008558356
61	0	White	0	0.009463407
62	0	White	0	0.009832512
63	0	White	0	0.009696417
64	0	White	0	0.010682384
65	0	White	0	0.012519115
66	0	White	0	0.013700883
67	0	White	0	0.015207415
68	0	White	0	0.018392616
69	0	White	0	0.02123337
70	0	White	0	0.022371853
71	0	White	0	0.023494621
72	0	White	0	0.02513723
73	0	White	0	0.027949243
74	0	White	0	0.031865544
75	0	White	0	0.035212882
76	0	White	0	0.03881498
77	0	White	0	0.043063231
78	0	White	0	0.047480977
79	0	White	0	0.053971403
80	0	White	0	0.059852991
81	0	White	0	0.066330223
82	0	White	0	0.073519781
83	0	White	0	0.08144805
84	0	White	0	0.090265497
85	0	White	0	0.099867548
86	0	White	0	0.11048806
87	0	White	0	0.12212252
88	0	White	0	0.1348334
89	0	White	0	0.1474277
90	0	White	0	0.16431246
91	0	White	0	0.18112659
92	0	White	0	0.19974388
93	0	White	0	0.21952259
94	0	White	0	0.24087152
95	0	White	0	0.26513607
96	0	White	0	0.29049617
97	0	White	0	0.31776172
98	0	White	0	0.34792695
99	0	White	0	0.38122858
100	0	White	0	0.41430439
0	1	White	0	0.001212105
1	1	White	0	0.000228824
2	1	White	0	0.000173388
3	1	White	0	0.000148056
4	1	White	0	0.000124057
5	1	White	0	0.000128854
6	1	White	0	0.000120813
7	1	White	0	0.00013059
8	1	White	0	0.000131911
9	1	White	0	8.87E-05
10	1	White	0	0.000103539
11	1	White	0	0.000130321
12	1	White	0	0.000109066
13	1	White	0	0.000112119
14	1	White	0	0.000136723
15	1	White	0	0.000174513
16	1	White	0	0.000212582
17	1	White	0	0.000214561
18	1	White	0	0.000184029
19	1	White	0	0.000192132
20	1	White	0	0.000230281
21	1	White	0	0.000238995
22	1	White	0	0.000234482
23	1	White	0	0.000224711
24	1	White	0	0.000223791
25	1	White	0	0.000266946
26	1	White	0	0.000304437
27	1	White	0	0.000298537
28	1	White	0	0.000326424
29	1	White	0	0.000327887
30	1	White	0	0.000352889
31	1	White	0	0.000460301
32	1	White	0	0.000505035
33	1	White	0	0.000541986
34	1	White	0	0.000634425
35	1	White	0	0.000675508
36	1	White	0	0.000637644
37	1	White	0	0.000651332
38	1	White	0	0.000667122
39	1	White	0	0.000759193
40	1	White	0	0.000919061
41	1	White	0	0.000968832
42	1	White	0	0.001104232
43	1	White	0	0.00117383
44	1	White	0	0.001205719
45	1	White	0	0.001370543
46	1	White	0	0.001504173
47	1	White	0	0.001666524
48	1	White	0	0.00188499
49	1	White	0	0.002019965
50	1	White	0	0.002138087
51	1	White	0	0.002386394
52	1	White	0	0.002715563
53	1	White	0	0.003284947
54	1	White	0	0.003658655
55	1	White	0	0.003758078
56	1	White	0	0.00407074
57	1	White	0	0.004308197
58	1	White	0	0.004387475
59	1	White	0	0.004787201
60	1	White	0	0.00549934
61	1	White	0	0.00585704
62	1	White	0	0.005942924
63	1	White	0	0.007016339
64	1	White	0	0.007964035
65	1	White	0	0.008155064
66	1	White	0	0.008978619
67	1	White	0	0.010797949
68	1	White	0	0.013369254
69	1	White	0	0.014029951
70	1	White	0	0.013990482
71	1	White	0	0.015342673
72	1	White	0	0.017164476
73	1	White	0	0.019372806
74	1	White	0	0.021690431
75	1	White	0	0.024609743
76	1	White	0	0.027781525
77	1	White	0	0.030570569
78	1	White	0	0.034407745
79	1	White	0	0.04184294
80	1	White	0	0.046715044
81	1	White	0	0.052124013
82	1	White	0	0.058190848
83	1	White	0	0.064915137
84	1	White	0	0.072477021
85	1	White	0	0.080828001
86	1	White	0	0.090032671
87	1	White	0	0.10028173
88	1	White	0	0.11157266
89	1	White	0	0.12389909
90	1	White	0	0.13823077
91	1	White	0	0.15360463
92	1	White	0	0.17072293
93	1	White	0	0.18919131
94	1	White	0	0.20937435
95	1	White	0	0.23189325
96	1	White	0	0.25654383
97	1	White	0	0.28314395
98	1	White	0	0.31150366
99	1	White	0	0.3429881
100	1	White	0	0.37749897
0	0	Bangladesh	1	0.002189093
1	0	Bangladesh	1	0.000301625
2	0	Bangladesh	1	0.000193509
3	0	Bangladesh	1	0.000157805
4	0	Bangladesh	1	0.000151993
5	0	Bangladesh	1	0.000176201
6	0	Bangladesh	1	0.00019337
7	0	Bangladesh	1	0.000176139
8	0	Bangladesh	1	0.000154894
9	0	Bangladesh	1	0.000126382
10	0	Bangladesh	1	0.000105256
11	0	Bangladesh	1	0.000122975
12	0	Bangladesh	1	0.000141965
13	0	Bangladesh	1	0.00014218
14	0	Bangladesh	1	0.000154757
15	0	Bangladesh	1	0.000188457
16	0	Bangladesh	1	0.000268327
17	0	Bangladesh	1	0.000443779
18	0	Bangladesh	1	0.000523006
19	0	Bangladesh	1	0.000433679
20	0	Bangladesh	1	0.000395374
21	0	Bangladesh	1	0.000380469
22	0	Bangladesh	1	0.000392371
23	0	Bangladesh	1	0.000439329
24	0	Bangladesh	1	0.000412577
25	0	Bangladesh	1	0.000399997
26	0	Bangladesh	1	0.000415955
27	0	Bangladesh	1	0.000412877
28	0	Bangladesh	1	0.000493628
29	0	Bangladesh	1	0.000521983
30	0	Bangladesh	1	0.000531681
31	0	Bangladesh	1	0.000594502
32	0	Bangladesh	1	0.000654991
33	0	Bangladesh	1	0.000760263
34	0	Bangladesh	1	0.000859512
35	0	Bangladesh	1	0.000951268
36	0	Bangladesh	1	0.001016768
37	0	Bangladesh	1	0.001098345
38	0	Bangladesh	1	0.001204344
39	0	Bangladesh	1	0.001377758
40	0	Bangladesh	1	0.001562613
41	0	Bangladesh	1	0.001727753
42	0	Bangladesh	1	0.001855923
43	0	Bangladesh	1	0.001918213
44	0	Bangladesh	1	0.002252312
45	0	Bangladesh	1	0.002550512
46	0	Bangladesh	1	0.002844213
47	0	Bangladesh	1	0.00313735
48	0	Bangladesh	1	0.003498438
49	0	Bangladesh	1	0.003660028
50	0	Bangladesh	1	0.003714714
51	0	Bangladesh	1	0.004282554
52	0	Bangladesh	1	0.004595177
53	0	Bangladesh	1	0.005460205
54	0	Bangladesh	1	0.006597302
55	0	Bangladesh	1	0.007136778
56	0	Bangladesh	1	0.007753937
57	0	Bangladesh	1	0.008727156
58	0	Bangladesh	1	0.009093356
59	0	Bangladesh	1	0.009564785
60	0	Bangladesh	1	0.010953795
61	0	Bangladesh	1	0.012028495
62	0	Bangladesh	1	0.012534465
63	0	Bangladesh	1	0.012508451
64	0	Bangladesh	1	0.013109816
65	0	Bangladesh	1	0.016411581
66	0	Bangladesh	1	0.01771199
67	0	Bangladesh	1	0.019152727
68	0	Bangladesh	1	0.023661896
69	0	Bangladesh	1	0.02692402
70	0	Bangladesh	1	0.027847487
71	0	Bangladesh	1	0.02928029
72	0	Bangladesh	1	0.03130025
73	0	Bangladesh	1	0.034850778
74	0	Bangladesh	1	0.038760433
75	0	Bangladesh	1	0.041240417
76	0	Bangladesh	1	0.045475129
77	0	Bangladesh	1	0.050509004
78	0	Bangladesh	1	0.056108759
79	0	Bangladesh	1	0.059045483
80	0	Bangladesh	1	0.06400611
81	0	Bangladesh	1	0.070869646
82	0	Bangladesh	1	0.076711369
83	0	Bangladesh	1	0.0846316
84	0	Bangladesh	1	0.095483638
85	0	Bangladesh	1	0.10414678
86	0	Bangladesh	1	0.1155903
87	0	Bangladesh	1	0.12656976
88	0	Bangladesh	1	0.13716046
89	0	Bangladesh	1	0.13405449
90	0	Bangladesh	1	0.16245703
91	0	Bangladesh	1	0.17797169
92	0	Bangladesh	1	0.19840137
93	0	Bangladesh	1	0.21678257
94	0	Bangladesh	1	0.2335361
95	0	Bangladesh	1	0.2601503
96	0	Bangladesh	1	0.2851944
97	0	Bangladesh	1	0.30590628
98	0	Bangladesh	1	0.34825718
99	0	Bangladesh	1	0.36961147
100	0	Bangladesh	1	0.39453978
0	1	Bangladesh	1	0.001932
1	1	Bangladesh	1	0.000240035
2	1	Bangladesh	1	0.000170168
3	1	Bangladesh	1	0.000165061
4	1	Bangladesh	1	0.000125073
5	1	Bangladesh	1	9.27E-05
6	1	Bangladesh	1	9.16E-05
7	1	Bangladesh	1	9.47E-05
8	1	Bangladesh	1	8.86E-05
9	1	Bangladesh	1	6.72E-05
10	1	Bangladesh	1	9.82E-05
11	1	Bangladesh	1	0.000117821
12	1	Bangladesh	1	8.22E-05
13	1	Bangladesh	1	8.31E-05
14	1	Bangladesh	1	0.000127501
15	1	Bangladesh	1	0.000167554
16	1	Bangladesh	1	0.000183994
17	1	Bangladesh	1	0.000178378
18	1	Bangladesh	1	0.000166001
19	1	Bangladesh	1	0.000158075
20	1	Bangladesh	1	0.000149462
21	1	Bangladesh	1	0.000134393
22	1	Bangladesh	1	0.000130564
23	1	Bangladesh	1	0.000126593
24	1	Bangladesh	1	0.000143868
25	1	Bangladesh	1	0.00019284
26	1	Bangladesh	1	0.000232199
27	1	Bangladesh	1	0.000237033
28	1	Bangladesh	1	0.000253993
29	1	Bangladesh	1	0.000256283
30	1	Bangladesh	1	0.000302971
31	1	Bangladesh	1	0.000373544
32	1	Bangladesh	1	0.000394475
33	1	Bangladesh	1	0.00042933
34	1	Bangladesh	1	0.000511173
35	1	Bangladesh	1	0.000546515
36	1	Bangladesh	1	0.000525133
37	1	Bangladesh	1	0.000547283
38	1	Bangladesh	1	0.000545907
39	1	Bangladesh	1	0.000633932
40	1	Bangladesh	1	0.000832837
41	1	Bangladesh	1	0.000909508
42	1	Bangladesh	1	0.000987814
43	1	Bangladesh	1	0.001129589
44	1	Bangladesh	1	0.001250378
45	1	Bangladesh	1	0.001491566
46	1	Bangladesh	1	0.001785174
47	1	Bangladesh	1	0.002135657
48	1	Bangladesh	1	0.002438124
49	1	Bangladesh	1	0.002294075
50	1	Bangladesh	1	0.002240319
51	1	Bangladesh	1	0.002693481
52	1	Bangladesh	1	0.002876507
53	1	Bangladesh	1	0.003149803
54	1	Bangladesh	1	0.003699369
55	1	Bangladesh	1	0.004046394
56	1	Bangladesh	1	0.004311961
57	1	Bangladesh	1	0.004640991
58	1	Bangladesh	1	0.005095673
59	1	Bangladesh	1	0.005913064
60	1	Bangladesh	1	0.006843309
61	1	Bangladesh	1	0.007264355
62	1	Bangladesh	1	0.007374443
63	1	Bangladesh	1	0.008703123
64	1	Bangladesh	1	0.009464639
65	1	Bangladesh	1	0.009619291
66	1	Bangladesh	1	0.01063398
67	1	Bangladesh	1	0.012960475
68	1	Bangladesh	1	0.016148643
69	1	Bangladesh	1	0.016893173
70	1	Bangladesh	1	0.01688022
71	1	Bangladesh	1	0.018566925
72	1	Bangladesh	1	0.020664784
73	1	Bangladesh	1	0.023241932
74	1	Bangladesh	1	0.025057891
75	1	Bangladesh	1	0.027301748
76	1	Bangladesh	1	0.031027717
77	1	Bangladesh	1	0.033898718
78	1	Bangladesh	1	0.0388153
79	1	Bangladesh	1	0.045773533
80	1	Bangladesh	1	0.050710499
81	1	Bangladesh	1	0.055385337
82	1	Bangladesh	1	0.061516957
83	1	Bangladesh	1	0.068590394
84	1	Bangladesh	1	0.076212216
85	1	Bangladesh	1	0.083308235
86	1	Bangladesh	1	0.092619198
87	1	Bangladesh	1	0.10176195
88	1	Bangladesh	1	0.11025904
89	1	Bangladesh	1	0.11737564
90	1	Bangladesh	1	0.14097463
91	1	Bangladesh	1	0.1553292
92	1	Bangladesh	1	0.17574148
93	1	Bangladesh	1	0.1985937
94	1	Bangladesh	1	0.20746007
95	1	Bangladesh	1	0.23558621
96	1	Bangladesh	1	0.26126552
97	1	Bangladesh	1	0.28911222
98	1	Bangladesh	1	0.33745739
99	1	Bangladesh	1	0.38493929
100	1	Bangladesh	1	0.4355504
0	0	Sub_Saharan_Africa	2	0.001778065
1	0	Sub_Saharan_Africa	2	0.000281932
2	0	Sub_Saharan_Africa	2	0.000192924
3	0	Sub_Saharan_Africa	2	0.000142698
4	0	Sub_Saharan_Africa	2	0.000129587
5	0	Sub_Saharan_Africa	2	0.000122018
6	0	Sub_Saharan_Africa	2	0.000123994
7	0	Sub_Saharan_Africa	2	0.000119305
8	0	Sub_Saharan_Africa	2	9.52E-05
9	0	Sub_Saharan_Africa	2	9.27E-05
10	0	Sub_Saharan_Africa	2	0.000102757
11	0	Sub_Saharan_Africa	2	0.00011303
12	0	Sub_Saharan_Africa	2	0.00013503
13	0	Sub_Saharan_Africa	2	0.000145722
14	0	Sub_Saharan_Africa	2	0.000150122
15	0	Sub_Saharan_Africa	2	0.000168561
16	0	Sub_Saharan_Africa	2	0.000238159
17	0	Sub_Saharan_Africa	2	0.000359955
18	0	Sub_Saharan_Africa	2	0.000396242
19	0	Sub_Saharan_Africa	2	0.000385751
20	0	Sub_Saharan_Africa	2	0.000411934
21	0	Sub_Saharan_Africa	2	0.000400878
22	0	Sub_Saharan_Africa	2	0.000372886
23	0	Sub_Saharan_Africa	2	0.000413479
24	0	Sub_Saharan_Africa	2	0.000433281
25	0	Sub_Saharan_Africa	2	0.00038139
26	0	Sub_Saharan_Africa	2	0.000405671
27	0	Sub_Saharan_Africa	2	0.000434346
28	0	Sub_Saharan_Africa	2	0.000483481
29	0	Sub_Saharan_Africa	2	0.000508987
30	0	Sub_Saharan_Africa	2	0.000504898
31	0	Sub_Saharan_Africa	2	0.000551433
32	0	Sub_Saharan_Africa	2	0.000624275
33	0	Sub_Saharan_Africa	2	0.000715085
34	0	Sub_Saharan_Africa	2	0.00083977
35	0	Sub_Saharan_Africa	2	0.000956858
36	0	Sub_Saharan_Africa	2	0.001000796
37	0	Sub_Saharan_Africa	2	0.001087091
38	0	Sub_Saharan_Africa	2	0.00113132
39	0	Sub_Saharan_Africa	2	0.001384899
40	0	Sub_Saharan_Africa	2	0.001599637
41	0	Sub_Saharan_Africa	2	0.001692389
42	0	Sub_Saharan_Africa	2	0.001883816
43	0	Sub_Saharan_Africa	2	0.001959177
44	0	Sub_Saharan_Africa	2	0.002127375
45	0	Sub_Saharan_Africa	2	0.002385733
46	0	Sub_Saharan_Africa	2	0.002525857
47	0	Sub_Saharan_Africa	2	0.002825712
48	0	Sub_Saharan_Africa	2	0.003313817
49	0	Sub_Saharan_Africa	2	0.003230723
50	0	Sub_Saharan_Africa	2	0.003381809
51	0	Sub_Saharan_Africa	2	0.004114355
52	0	Sub_Saharan_Africa	2	0.004615453
53	0	Sub_Saharan_Africa	2	0.005496998
54	0	Sub_Saharan_Africa	2	0.005984157
55	0	Sub_Saharan_Africa	2	0.006250841
56	0	Sub_Saharan_Africa	2	0.007087333
57	0	Sub_Saharan_Africa	2	0.007665327
58	0	Sub_Saharan_Africa	2	0.007848473
59	0	Sub_Saharan_Africa	2	0.00914869
60	0	Sub_Saharan_Africa	2	0.010919295
61	0	Sub_Saharan_Africa	2	0.01198864
62	0	Sub_Saharan_Africa	2	0.012064425
63	0	Sub_Saharan_Africa	2	0.012251486
64	0	Sub_Saharan_Africa	2	0.01332276
65	0	Sub_Saharan_Africa	2	0.015616932
66	0	Sub_Saharan_Africa	2	0.016815172
67	0	Sub_Saharan_Africa	2	0.018504224
68	0	Sub_Saharan_Africa	2	0.022405196
69	0	Sub_Saharan_Africa	2	0.025505661
70	0	Sub_Saharan_Africa	2	0.026497806
71	0	Sub_Saharan_Africa	2	0.027248527
72	0	Sub_Saharan_Africa	2	0.029156412
73	0	Sub_Saharan_Africa	2	0.0321095
74	0	Sub_Saharan_Africa	2	0.035622386
75	0	Sub_Saharan_Africa	2	0.037646911
76	0	Sub_Saharan_Africa	2	0.042040042
77	0	Sub_Saharan_Africa	2	0.045215742
78	0	Sub_Saharan_Africa	2	0.049074762
79	0	Sub_Saharan_Africa	2	0.054135029
80	0	Sub_Saharan_Africa	2	0.058853261
81	0	Sub_Saharan_Africa	2	0.066746186
82	0	Sub_Saharan_Africa	2	0.072640393
83	0	Sub_Saharan_Africa	2	0.079271193
84	0	Sub_Saharan_Africa	2	0.088266854
85	0	Sub_Saharan_Africa	2	0.099210764
86	0	Sub_Saharan_Africa	2	0.11014538
87	0	Sub_Saharan_Africa	2	0.11990606
88	0	Sub_Saharan_Africa	2	0.13135089
89	0	Sub_Saharan_Africa	2	0.11479497
90	0	Sub_Saharan_Africa	2	0.16261249
91	0	Sub_Saharan_Africa	2	0.180137
92	0	Sub_Saharan_Africa	2	0.20264126
93	0	Sub_Saharan_Africa	2	0.22332086
94	0	Sub_Saharan_Africa	2	0.23761555
95	0	Sub_Saharan_Africa	2	0.24728508
96	0	Sub_Saharan_Africa	2	0.27420394
97	0	Sub_Saharan_Africa	2	0.30218677
98	0	Sub_Saharan_Africa	2	0.33765973
99	0	Sub_Saharan_Africa	2	0.36283135
100	0	Sub_Saharan_Africa	2	0.387581
0	1	Sub_Saharan_Africa	2	0.00155688
1	1	Sub_Saharan_Africa	2	0.000218909
2	1	Sub_Saharan_Africa	2	0.00016621
3	1	Sub_Saharan_Africa	2	0.000141446
4	1	Sub_Saharan_Africa	2	0.000112379
5	1	Sub_Saharan_Africa	2	0.000117882
6	1	Sub_Saharan_Africa	2	0.000111268
7	1	Sub_Saharan_Africa	2	0.00011357
8	1	Sub_Saharan_Africa	2	0.000119278
9	1	Sub_Saharan_Africa	2	9.56E-05
10	1	Sub_Saharan_Africa	2	0.000121266
11	1	Sub_Saharan_Africa	2	0.000155239
12	1	Sub_Saharan_Africa	2	0.000131484
13	1	Sub_Saharan_Africa	2	0.000128964
14	1	Sub_Saharan_Africa	2	0.00013303
15	1	Sub_Saharan_Africa	2	0.000147943
16	1	Sub_Saharan_Africa	2	0.000175018
17	1	Sub_Saharan_Africa	2	0.000157973
18	1	Sub_Saharan_Africa	2	0.000134457
19	1	Sub_Saharan_Africa	2	0.000149299
20	1	Sub_Saharan_Africa	2	0.000178244
21	1	Sub_Saharan_Africa	2	0.000174966
22	1	Sub_Saharan_Africa	2	0.000165266
23	1	Sub_Saharan_Africa	2	0.000147957
24	1	Sub_Saharan_Africa	2	0.000146665
25	1	Sub_Saharan_Africa	2	0.000177226
26	1	Sub_Saharan_Africa	2	0.000210791
27	1	Sub_Saharan_Africa	2	0.000215417
28	1	Sub_Saharan_Africa	2	0.000224768
29	1	Sub_Saharan_Africa	2	0.000233872
30	1	Sub_Saharan_Africa	2	0.000279277
31	1	Sub_Saharan_Africa	2	0.00035599
32	1	Sub_Saharan_Africa	2	0.000375228
33	1	Sub_Saharan_Africa	2	0.000401103
34	1	Sub_Saharan_Africa	2	0.000505106
35	1	Sub_Saharan_Africa	2	0.000562944
36	1	Sub_Saharan_Africa	2	0.000517139
37	1	Sub_Saharan_Africa	2	0.000522896
38	1	Sub_Saharan_Africa	2	0.000535508
39	1	Sub_Saharan_Africa	2	0.000702992
40	1	Sub_Saharan_Africa	2	0.000906188
41	1	Sub_Saharan_Africa	2	0.000967271
42	1	Sub_Saharan_Africa	2	0.001131323
43	1	Sub_Saharan_Africa	2	0.001209132
44	1	Sub_Saharan_Africa	2	0.001273941
45	1	Sub_Saharan_Africa	2	0.001478238
46	1	Sub_Saharan_Africa	2	0.001578268
47	1	Sub_Saharan_Africa	2	0.001749431
48	1	Sub_Saharan_Africa	2	0.002030574
49	1	Sub_Saharan_Africa	2	0.002152417
50	1	Sub_Saharan_Africa	2	0.002174044
51	1	Sub_Saharan_Africa	2	0.002369375
52	1	Sub_Saharan_Africa	2	0.002756184
53	1	Sub_Saharan_Africa	2	0.00337873
54	1	Sub_Saharan_Africa	2	0.003679782
55	1	Sub_Saharan_Africa	2	0.003871178
56	1	Sub_Saharan_Africa	2	0.004239873
57	1	Sub_Saharan_Africa	2	0.004429688
58	1	Sub_Saharan_Africa	2	0.004589753
59	1	Sub_Saharan_Africa	2	0.005147598
60	1	Sub_Saharan_Africa	2	0.005913491
61	1	Sub_Saharan_Africa	2	0.006267894
62	1	Sub_Saharan_Africa	2	0.006400908
63	1	Sub_Saharan_Africa	2	0.007682092
64	1	Sub_Saharan_Africa	2	0.008579676
65	1	Sub_Saharan_Africa	2	0.00852718
66	1	Sub_Saharan_Africa	2	0.009522308
67	1	Sub_Saharan_Africa	2	0.011311373
68	1	Sub_Saharan_Africa	2	0.013946201
69	1	Sub_Saharan_Africa	2	0.014543137
70	1	Sub_Saharan_Africa	2	0.014724133
71	1	Sub_Saharan_Africa	2	0.016004253
72	1	Sub_Saharan_Africa	2	0.017694739
73	1	Sub_Saharan_Africa	2	0.019961721
74	1	Sub_Saharan_Africa	2	0.021943974
75	1	Sub_Saharan_Africa	2	0.025065018
76	1	Sub_Saharan_Africa	2	0.028027627
77	1	Sub_Saharan_Africa	2	0.030135401
78	1	Sub_Saharan_Africa	2	0.034131717
79	1	Sub_Saharan_Africa	2	0.039010971
80	1	Sub_Saharan_Africa	2	0.043558376
81	1	Sub_Saharan_Africa	2	0.048500149
82	1	Sub_Saharan_Africa	2	0.05497436
83	1	Sub_Saharan_Africa	2	0.060529143
84	1	Sub_Saharan_Africa	2	0.066728981
85	1	Sub_Saharan_Africa	2	0.075960964
86	1	Sub_Saharan_Africa	2	0.084228732
87	1	Sub_Saharan_Africa	2	0.094458254
88	1	Sub_Saharan_Africa	2	0.10545108
89	1	Sub_Saharan_Africa	2	0.1074787
90	1	Sub_Saharan_Africa	2	0.13112595
91	1	Sub_Saharan_Africa	2	0.14563331
92	1	Sub_Saharan_Africa	2	0.1644089
93	1	Sub_Saharan_Africa	2	0.18049096
94	1	Sub_Saharan_Africa	2	0.19517102
95	1	Sub_Saharan_Africa	2	0.21770802
96	1	Sub_Saharan_Africa	2	0.24483069
97	1	Sub_Saharan_Africa	2	0.27197173
98	1	Sub_Saharan_Africa	2	0.30768354
99	1	Sub_Saharan_Africa	2	0.34599045
100	1	Sub_Saharan_Africa	2	0.36300748
0	0	China	3	0.001707903
1	0	China	3	0.00026588
2	0	China	3	0.00017831
3	0	China	3	0.000133473
4	0	China	3	0.000125692
5	0	China	3	0.000124675
6	0	China	3	0.000126823
7	0	China	3	0.00012072
8	0	China	3	9.50E-05
9	0	China	3	9.46E-05
10	0	China	3	0.000106744
11	0	China	3	0.00012081
12	0	China	3	0.000141938
13	0	China	3	0.000159061
14	0	China	3	0.000155631
15	0	China	3	0.000170238
16	0	China	3	0.00026009
17	0	China	3	0.000373082
18	0	China	3	0.000423208
19	0	China	3	0.000368452
20	0	China	3	0.000353852
21	0	China	3	0.000359178
22	0	China	3	0.000362887
23	0	China	3	0.000425214
24	0	China	3	0.000421176
25	0	China	3	0.000389004
26	0	China	3	0.000419399
27	0	China	3	0.000440981
28	0	China	3	0.000497716
29	0	China	3	0.000529629
30	0	China	3	0.00052184
31	0	China	3	0.000577023
32	0	China	3	0.000654098
33	0	China	3	0.000735436
34	0	China	3	0.000869907
35	0	China	3	0.001012271
36	0	China	3	0.001029654
37	0	China	3	0.00107896
38	0	China	3	0.001144188
39	0	China	3	0.00133928
40	0	China	3	0.001558625
41	0	China	3	0.001656256
42	0	China	3	0.001806224
43	0	China	3	0.00187463
44	0	China	3	0.00204363
45	0	China	3	0.002231321
46	0	China	3	0.002402428
47	0	China	3	0.002668072
48	0	China	3	0.003039777
49	0	China	3	0.003007893
50	0	China	3	0.003048746
51	0	China	3	0.003606349
52	0	China	3	0.004133143
53	0	China	3	0.0048624
54	0	China	3	0.005359959
55	0	China	3	0.005642191
56	0	China	3	0.006424437
57	0	China	3	0.006925991
58	0	China	3	0.007059195
59	0	China	3	0.00798773
60	0	China	3	0.009453441
61	0	China	3	0.010297723
62	0	China	3	0.010695694
63	0	China	3	0.010751793
64	0	China	3	0.011464493
65	0	China	3	0.013241185
66	0	China	3	0.014836799
67	0	China	3	0.017033564
68	0	China	3	0.020107352
69	0	China	3	0.022965355
70	0	China	3	0.023842113
71	0	China	3	0.025921464
72	0	China	3	0.02774007
73	0	China	3	0.030873476
74	0	China	3	0.033847433
75	0	China	3	0.037886087
76	0	China	3	0.040786365
77	0	China	3	0.04517789
78	0	China	3	0.050968035
79	0	China	3	0.054521174
80	0	China	3	0.061207905
81	0	China	3	0.066936253
82	0	China	3	0.073595264
83	0	China	3	0.081867535
84	0	China	3	0.089257334
85	0	China	3	0.097709712
86	0	China	3	0.10864497
87	0	China	3	0.11808787
88	0	China	3	0.12964924
89	0	China	3	0.11217785
90	0	China	3	0.16400877
91	0	China	3	0.18164678
92	0	China	3	0.20247352
93	0	China	3	0.22510148
94	0	China	3	0.24179187
95	0	China	3	0.26277403
96	0	China	3	0.29258332
97	0	China	3	0.32016147
98	0	China	3	0.36836034
99	0	China	3	0.44040679
100	0	China	3	0.41848813
0	1	China	3	0.001487398
1	1	China	3	0.000227015
2	1	China	3	0.000169358
3	1	China	3	0.000137552
4	1	China	3	0.000115102
5	1	China	3	0.000119657
6	1	China	3	0.000113984
7	1	China	3	0.000119158
8	1	China	3	0.000116714
9	1	China	3	8.78E-05
10	1	China	3	0.000105678
11	1	China	3	0.000133181
12	1	China	3	0.000113439
13	1	China	3	0.000121022
14	1	China	3	0.000135834
15	1	China	3	0.000163987
16	1	China	3	0.000195969
17	1	China	3	0.000195699
18	1	China	3	0.000160793
19	1	China	3	0.000150249
20	1	China	3	0.000178646
21	1	China	3	0.000184976
22	1	China	3	0.000172441
23	1	China	3	0.000163253
24	1	China	3	0.00015674
25	1	China	3	0.00018208
26	1	China	3	0.000212717
27	1	China	3	0.000217713
28	1	China	3	0.00023539
29	1	China	3	0.000255154
30	1	China	3	0.000285075
31	1	China	3	0.000354717
32	1	China	3	0.000396486
33	1	China	3	0.000443384
34	1	China	3	0.000522088
35	1	China	3	0.00057375
36	1	China	3	0.000543267
37	1	China	3	0.00056469
38	1	China	3	0.000579531
39	1	China	3	0.000702588
40	1	China	3	0.000894705
41	1	China	3	0.000960269
42	1	China	3	0.00108407
43	1	China	3	0.001141821
44	1	China	3	0.001208027
45	1	China	3	0.001401833
46	1	China	3	0.001499342
47	1	China	3	0.001641691
48	1	China	3	0.001890411
49	1	China	3	0.001981699
50	1	China	3	0.002054584
51	1	China	3	0.002257623
52	1	China	3	0.002578241
53	1	China	3	0.003112716
54	1	China	3	0.003489537
55	1	China	3	0.003681236
56	1	China	3	0.003980159
57	1	China	3	0.004201806
58	1	China	3	0.004330789
59	1	China	3	0.004813767
60	1	China	3	0.005544582
61	1	China	3	0.005900775
62	1	China	3	0.005978801
63	1	China	3	0.007202609
64	1	China	3	0.007970877
65	1	China	3	0.008002887
66	1	China	3	0.008859056
67	1	China	3	0.01071891
68	1	China	3	0.012971116
69	1	China	3	0.013879583
70	1	China	3	0.013870727
71	1	China	3	0.015645875
72	1	China	3	0.017549285
73	1	China	3	0.019678938
74	1	China	3	0.021612274
75	1	China	3	0.024033041
76	1	China	3	0.028167118
77	1	China	3	0.0317702
78	1	China	3	0.035562029
79	1	China	3	0.041807376
80	1	China	3	0.046125498
81	1	China	3	0.050730335
82	1	China	3	0.056994368
83	1	China	3	0.063239307
84	1	China	3	0.071937447
85	1	China	3	0.078764334
86	1	China	3	0.087979796
87	1	China	3	0.09755095
88	1	China	3	0.10684971
89	1	China	3	0.10580578
90	1	China	3	0.13943964
91	1	China	3	0.15503325
92	1	China	3	0.17209397
93	1	China	3	0.19294837
94	1	China	3	0.20880531
95	1	China	3	0.23849869
96	1	China	3	0.26639817
97	1	China	3	0.29923965
98	1	China	3	0.34136518
99	1	China	3	0.37978566
100	1	China	3	0.40205477
0	0	India	4	0.001992844
1	0	India	4	0.000323687
2	0	India	4	0.000202409
3	0	India	4	0.000156318
4	0	India	4	0.000152717
5	0	India	4	0.000147027
6	0	India	4	0.000144537
7	0	India	4	0.00013872
8	0	India	4	0.000110874
9	0	India	4	0.000106873
10	0	India	4	0.00011841
11	0	India	4	0.000127026
12	0	India	4	0.000144084
13	0	India	4	0.000156146
14	0	India	4	0.000140163
15	0	India	4	0.000127511
16	0	India	4	0.00018233
17	0	India	4	0.000290416
18	0	India	4	0.000339115
19	0	India	4	0.000325672
20	0	India	4	0.000366603
21	0	India	4	0.000392006
22	0	India	4	0.000377203
23	0	India	4	0.000434151
24	0	India	4	0.000454401
25	0	India	4	0.000410163
26	0	India	4	0.000431521
27	0	India	4	0.000442907
28	0	India	4	0.000507926
29	0	India	4	0.00052186
30	0	India	4	0.000515698
31	0	India	4	0.000569595
32	0	India	4	0.000659453
33	0	India	4	0.000798906
34	0	India	4	0.00090308
35	0	India	4	0.000987015
36	0	India	4	0.001006102
37	0	India	4	0.001051944
38	0	India	4	0.001115463
39	0	India	4	0.001373367
40	0	India	4	0.001565453
41	0	India	4	0.00163011
42	0	India	4	0.001749986
43	0	India	4	0.001776613
44	0	India	4	0.001945334
45	0	India	4	0.002128621
46	0	India	4	0.002340407
47	0	India	4	0.002730292
48	0	India	4	0.003095328
49	0	India	4	0.003074697
50	0	India	4	0.003281176
51	0	India	4	0.003878698
52	0	India	4	0.004449133
53	0	India	4	0.005396833
54	0	India	4	0.005681631
55	0	India	4	0.005618807
56	0	India	4	0.006105218
57	0	India	4	0.006618168
58	0	India	4	0.006894891
59	0	India	4	0.007902346
60	0	India	4	0.009531053
61	0	India	4	0.010546634
62	0	India	4	0.010886994
63	0	India	4	0.010771509
64	0	India	4	0.011753882
65	0	India	4	0.013795728
66	0	India	4	0.015219589
67	0	India	4	0.016703875
68	0	India	4	0.020275278
69	0	India	4	0.022611041
70	0	India	4	0.023265616
71	0	India	4	0.024349228
72	0	India	4	0.026061699
73	0	India	4	0.028931753
74	0	India	4	0.03231888
75	0	India	4	0.035468522
76	0	India	4	0.039187292
77	0	India	4	0.043124538
78	0	India	4	0.047982715
79	0	India	4	0.052181073
80	0	India	4	0.057387572
81	0	India	4	0.063267559
82	0	India	4	0.070175477
83	0	India	4	0.077498562
84	0	India	4	0.086283089
85	0	India	4	0.0946699
86	0	India	4	0.10467787
87	0	India	4	0.11479898
88	0	India	4	0.12633312
89	0	India	4	0.12996114
90	0	India	4	0.15611358
91	0	India	4	0.17112536
92	0	India	4	0.18880477
93	0	India	4	0.20725611
94	0	India	4	0.22685249
95	0	India	4	0.24845597
96	0	India	4	0.27288624
97	0	India	4	0.29880871
98	0	India	4	0.32853512
99	0	India	4	0.36208042
100	0	India	4	0.38841933
0	1	India	4	0.001685238
1	1	India	4	0.00023958
2	1	India	4	0.000173074
3	1	India	4	0.000156216
4	1	India	4	0.000126362
5	1	India	4	0.000121937
6	1	India	4	0.000114619
7	1	India	4	0.000127577
8	1	India	4	0.000136517
9	1	India	4	0.000102688
10	1	India	4	0.000117178
11	1	India	4	0.000156771
12	1	India	4	0.00013153
13	1	India	4	0.000125445
14	1	India	4	0.000127799
15	1	India	4	0.000134781
16	1	India	4	0.000153513
17	1	India	4	0.000155334
18	1	India	4	0.000148786
19	1	India	4	0.000156229
20	1	India	4	0.000189012
21	1	India	4	0.000194524
22	1	India	4	0.000200996
23	1	India	4	0.000192888
24	1	India	4	0.00017322
25	1	India	4	0.000199115
26	1	India	4	0.000244477
27	1	India	4	0.000242152
28	1	India	4	0.00024101
29	1	India	4	0.000247546
30	1	India	4	0.000291015
31	1	India	4	0.000377037
32	1	India	4	0.000403627
33	1	India	4	0.000458872
34	1	India	4	0.000579919
35	1	India	4	0.000623252
36	1	India	4	0.000571032
37	1	India	4	0.000567565
38	1	India	4	0.000578327
39	1	India	4	0.000705592
40	1	India	4	0.000872863
41	1	India	4	0.000932605
42	1	India	4	0.001073571
43	1	India	4	0.001151751
44	1	India	4	0.001180824
45	1	India	4	0.001305723
46	1	India	4	0.001405779
47	1	India	4	0.001568681
48	1	India	4	0.001826303
49	1	India	4	0.001917748
50	1	India	4	0.001921092
51	1	India	4	0.002127951
52	1	India	4	0.002473115
53	1	India	4	0.002920584
54	1	India	4	0.003214761
55	1	India	4	0.003473446
56	1	India	4	0.003887597
57	1	India	4	0.004195541
58	1	India	4	0.004344586
59	1	India	4	0.004924537
60	1	India	4	0.005958346
61	1	India	4	0.006329241
62	1	India	4	0.006400966
63	1	India	4	0.007560723
64	1	India	4	0.008214135
65	1	India	4	0.00809846
66	1	India	4	0.008953614
67	1	India	4	0.010776301
68	1	India	4	0.013351906
69	1	India	4	0.01401737
70	1	India	4	0.01417668
71	1	India	4	0.01559971
72	1	India	4	0.0173696
73	1	India	4	0.019546575
74	1	India	4	0.021424872
75	1	India	4	0.023844034
76	1	India	4	0.02685859
77	1	India	4	0.02954759
78	1	India	4	0.03351753
79	1	India	4	0.039119938
80	1	India	4	0.043516581
81	1	India	4	0.048501509
82	1	India	4	0.0545594
83	1	India	4	0.060549202
84	1	India	4	0.066926313
85	1	India	4	0.075034426
86	1	India	4	0.083713041
87	1	India	4	0.093041809
88	1	India	4	0.10357755
89	1	India	4	0.11215172
90	1	India	4	0.12933053
91	1	India	4	0.14338412
92	1	India	4	0.16023176
93	1	India	4	0.17622509
94	1	India	4	0.19573034
95	1	India	4	0.219477
96	1	India	4	0.24326597
97	1	India	4	0.27096091
98	1	India	4	0.3018123
99	1	India	4	0.33169426
100	1	India	4	0.3590546
0	0	Pakistan	5	0.002463963
1	0	Pakistan	5	0.000353929
2	0	Pakistan	5	0.000225166
3	0	Pakistan	5	0.000180998
4	0	Pakistan	5	0.00015812
5	0	Pakistan	5	0.000141367
6	0	Pakistan	5	0.000147307
7	0	Pakistan	5	0.000148692
8	0	Pakistan	5	0.000118163
9	0	Pakistan	5	9.27E-05
10	0	Pakistan	5	9.14E-05
11	0	Pakistan	5	0.000104695
12	0	Pakistan	5	0.000125769
13	0	Pakistan	5	0.000125886
14	0	Pakistan	5	0.000153146
15	0	Pakistan	5	0.000198236
16	0	Pakistan	5	0.000282092
17	0	Pakistan	5	0.000412719
18	0	Pakistan	5	0.000482628
19	0	Pakistan	5	0.000443073
20	0	Pakistan	5	0.000419203
21	0	Pakistan	5	0.000421729
22	0	Pakistan	5	0.00043104
23	0	Pakistan	5	0.000495934
24	0	Pakistan	5	0.000505282
25	0	Pakistan	5	0.000462574
26	0	Pakistan	5	0.00050117
27	0	Pakistan	5	0.000513862
28	0	Pakistan	5	0.000596067
29	0	Pakistan	5	0.000665944
30	0	Pakistan	5	0.000670981
31	0	Pakistan	5	0.000713575
32	0	Pakistan	5	0.000795526
33	0	Pakistan	5	0.000926935
34	0	Pakistan	5	0.001050751
35	0	Pakistan	5	0.001200625
36	0	Pakistan	5	0.001274289
37	0	Pakistan	5	0.001313189
38	0	Pakistan	5	0.001386241
39	0	Pakistan	5	0.001623795
40	0	Pakistan	5	0.001805911
41	0	Pakistan	5	0.00186977
42	0	Pakistan	5	0.002093053
43	0	Pakistan	5	0.002118806
44	0	Pakistan	5	0.002366222
45	0	Pakistan	5	0.002725462
46	0	Pakistan	5	0.003032086
47	0	Pakistan	5	0.003413552
48	0	Pakistan	5	0.003774419
49	0	Pakistan	5	0.003753019
50	0	Pakistan	5	0.003704975
51	0	Pakistan	5	0.004232229
52	0	Pakistan	5	0.004903856
53	0	Pakistan	5	0.006112613
54	0	Pakistan	5	0.0066516
55	0	Pakistan	5	0.006706564
56	0	Pakistan	5	0.00763908
57	0	Pakistan	5	0.008447695
58	0	Pakistan	5	0.008579317
59	0	Pakistan	5	0.009595636
60	0	Pakistan	5	0.011220539
61	0	Pakistan	5	0.012470204
62	0	Pakistan	5	0.012810676
63	0	Pakistan	5	0.012680093
64	0	Pakistan	5	0.014041796
65	0	Pakistan	5	0.016268979
66	0	Pakistan	5	0.017730774
67	0	Pakistan	5	0.019095019
68	0	Pakistan	5	0.022935196
69	0	Pakistan	5	0.026227281
70	0	Pakistan	5	0.027021312
71	0	Pakistan	5	0.028016973
72	0	Pakistan	5	0.029860626
73	0	Pakistan	5	0.033483439
74	0	Pakistan	5	0.037240758
75	0	Pakistan	5	0.040507787
76	0	Pakistan	5	0.044800636
77	0	Pakistan	5	0.049050631
78	0	Pakistan	5	0.054243682
79	0	Pakistan	5	0.059462644
80	0	Pakistan	5	0.065764499
81	0	Pakistan	5	0.072281379
82	0	Pakistan	5	0.080025909
83	0	Pakistan	5	0.087786086
84	0	Pakistan	5	0.096831456
85	0	Pakistan	5	0.10690189
86	0	Pakistan	5	0.11794116
87	0	Pakistan	5	0.12933892
88	0	Pakistan	5	0.14107559
89	0	Pakistan	5	0.14083786
90	0	Pakistan	5	0.17213263
91	0	Pakistan	5	0.18842004
92	0	Pakistan	5	0.20832806
93	0	Pakistan	5	0.22833592
94	0	Pakistan	5	0.24518145
95	0	Pakistan	5	0.27228831
96	0	Pakistan	5	0.29456918
97	0	Pakistan	5	0.32615139
98	0	Pakistan	5	0.35624066
99	0	Pakistan	5	0.38465956
100	0	Pakistan	5	0.41814847
0	1	Pakistan	5	0.002092837
1	1	Pakistan	5	0.000311494
2	1	Pakistan	5	0.000198134
3	1	Pakistan	5	0.000170955
4	1	Pakistan	5	0.000126519
5	1	Pakistan	5	0.000120481
6	1	Pakistan	5	0.000116038
7	1	Pakistan	5	0.000115254
8	1	Pakistan	5	0.000119874
9	1	Pakistan	5	0.000105935
10	1	Pakistan	5	0.000118916
11	1	Pakistan	5	0.000139852
12	1	Pakistan	5	0.000115974
13	1	Pakistan	5	0.000114786
14	1	Pakistan	5	0.000125303
15	1	Pakistan	5	0.000133901
16	1	Pakistan	5	0.000154779
17	1	Pakistan	5	0.000167058
18	1	Pakistan	5	0.000167659
19	1	Pakistan	5	0.00015961
20	1	Pakistan	5	0.000196254
21	1	Pakistan	5	0.000194873
22	1	Pakistan	5	0.00018316
23	1	Pakistan	5	0.000190551
24	1	Pakistan	5	0.000200576
25	1	Pakistan	5	0.000246433
26	1	Pakistan	5	0.00029133
27	1	Pakistan	5	0.000314901
28	1	Pakistan	5	0.000311259
29	1	Pakistan	5	0.000300737
30	1	Pakistan	5	0.000333866
31	1	Pakistan	5	0.000416346
32	1	Pakistan	5	0.000457258
33	1	Pakistan	5	0.000486128
34	1	Pakistan	5	0.000588827
35	1	Pakistan	5	0.000675221
36	1	Pakistan	5	0.000655252
37	1	Pakistan	5	0.000679664
38	1	Pakistan	5	0.000703768
39	1	Pakistan	5	0.000795492
40	1	Pakistan	5	0.000970022
41	1	Pakistan	5	0.001059978
42	1	Pakistan	5	0.001204514
43	1	Pakistan	5	0.0012812
44	1	Pakistan	5	0.001423559
45	1	Pakistan	5	0.001714769
46	1	Pakistan	5	0.001844245
47	1	Pakistan	5	0.001940626
48	1	Pakistan	5	0.002211854
49	1	Pakistan	5	0.002415302
50	1	Pakistan	5	0.002493644
51	1	Pakistan	5	0.002879051
52	1	Pakistan	5	0.003409206
53	1	Pakistan	5	0.004052398
54	1	Pakistan	5	0.004373785
55	1	Pakistan	5	0.004451791
56	1	Pakistan	5	0.004782866
57	1	Pakistan	5	0.00502929
58	1	Pakistan	5	0.005195466
59	1	Pakistan	5	0.005754155
60	1	Pakistan	5	0.006862787
61	1	Pakistan	5	0.00735015
62	1	Pakistan	5	0.007443074
63	1	Pakistan	5	0.00873799
64	1	Pakistan	5	0.009878888
65	1	Pakistan	5	0.010014473
66	1	Pakistan	5	0.011104306
67	1	Pakistan	5	0.013174571
68	1	Pakistan	5	0.016017423
69	1	Pakistan	5	0.0167796
70	1	Pakistan	5	0.016537712
71	1	Pakistan	5	0.018226385
72	1	Pakistan	5	0.020342428
73	1	Pakistan	5	0.023074637
74	1	Pakistan	5	0.025154561
75	1	Pakistan	5	0.028014447
76	1	Pakistan	5	0.031466937
77	1	Pakistan	5	0.034583894
78	1	Pakistan	5	0.038919803
79	1	Pakistan	5	0.045572422
80	1	Pakistan	5	0.050815695
81	1	Pakistan	5	0.05632897
82	1	Pakistan	5	0.062128283
83	1	Pakistan	5	0.069298286
84	1	Pakistan	5	0.076157012
85	1	Pakistan	5	0.085376233
86	1	Pakistan	5	0.095139828
87	1	Pakistan	5	0.10551278
88	1	Pakistan	5	0.11656901
89	1	Pakistan	5	0.12039048
90	1	Pakistan	5	0.14501829
91	1	Pakistan	5	0.16007469
92	1	Pakistan	5	0.17689931
93	1	Pakistan	5	0.19501666
94	1	Pakistan	5	0.21538471
95	1	Pakistan	5	0.2396326
96	1	Pakistan	5	0.26565162
97	1	Pakistan	5	0.2911106
98	1	Pakistan	5	0.32239929
99	1	Pakistan	5	0.35123034
100	1	Pakistan	5	0.37563256
