# Data collected in function IntegratedPopEvolution2()
# In arrays DEBUGinflow and DEBUGoutflow
# 
Year	Ethnicity	Age	Inflow	Outflow
1	0	0	0	0
1	0	1	1764	4115
1	0	2	1743	2266
1	0	3	1582	1427
1	0	4	1670	985
1	0	5	1230	659
1	0	6	660	1146
1	0	7	614	1199
1	0	8	652	1024
1	0	9	724	788
1	0	10	951	525
1	0	11	998	454
1	0	12	1043	396
1	0	13	1023	389
1	0	14	1065	383
1	0	15	2567	479
1	0	16	3207	632
1	0	17	3981	695
1	0	18	5745	1353
1	0	19	8654	2401
1	0	20	10788	6019
1	0	21	12995	8301
1	0	22	15235	9427
1	0	23	14419	9137
1	0	24	13764	9501
1	0	25	12826	10901
1	0	26	12192	10554
1	0	27	11317	9573
1	0	28	11303	8059
1	0	29	10441	6721
1	0	30	7157	6566
1	0	31	6694	5607
1	0	32	6164	4721
1	0	33	5182	4737
1	0	34	4884	4456
1	0	35	4306	4613
1	0	36	3874	4288
1	0	37	3761	4209
1	0	38	3594	4051
1	0	39	3045	3855
1	0	40	2261	3388
1	0	41	1831	3514
1	0	42	1685	3414
1	0	43	1485	3520
1	0	44	1319	3528
1	0	45	1612	3152
1	0	46	1455	2915
1	0	47	1428	2924
1	0	48	1442	2893
1	0	49	1367	2798
1	0	50	1676	3081
1	0	51	1711	2893
1	0	52	1710	2913
1	0	53	1628	3322
1	0	54	1611	3570
1	0	55	1113	3357
1	0	56	1029	3551
1	0	57	1005	3566
1	0	58	1013	3623
1	0	59	806	3767
1	0	60	779	4038
1	0	61	704	4512
1	0	62	656	5057
1	0	63	463	5692
1	0	64	1251	5722
1	0	65	639	6953
1	0	66	555	5964
1	0	67	1010	6450
1	0	68	600	6797
1	0	69	603	7841
1	0	70	415	7646
1	0	71	408	7712
1	0	72	459	8354
1	0	73	497	8678
1	0	74	457	9485
1	0	75	309	9923
1	0	76	355	10508
1	0	77	340	11054
1	0	78	286	11305
1	0	79	264	12336
1	0	80	209	13768
1	0	81	211	14818
1	0	82	189	14937
1	0	83	189	15227
1	0	84	178	15472
1	0	85	165	16095
1	0	86	149	16046
1	0	87	192	15690
1	0	88	213	15566
1	0	89	145	15151
1	0	90	339	16632
1	0	91	0	14635
1	0	92	0	11937
1	0	93	0	8084
1	0	94	0	6523
1	0	95	0	6567
1	0	96	0	5498
1	0	97	0	4817
1	0	98	0	3772
1	0	99	0	2810
1	0	100	0	1992
1	1	0	18	0
1	1	1	34	92
1	1	2	34	52
1	1	3	32	42
1	1	4	27	18
1	1	5	19	15
1	1	6	20	31
1	1	7	19	30
1	1	8	29	24
1	1	9	23	21
1	1	10	27	13
1	1	11	38	17
1	1	12	50	17
1	1	13	44	22
1	1	14	37	35
1	1	15	179	54
1	1	16	138	54
1	1	17	152	109
1	1	18	180	161
1	1	19	149	199
1	1	20	178	288
1	1	21	164	361
1	1	22	165	448
1	1	23	177	560
1	1	24	177	583
1	1	25	118	614
1	1	26	144	618
1	1	27	136	605
1	1	28	140	484
1	1	29	138	480
1	1	30	98	437
1	1	31	90	382
1	1	32	83	314
1	1	33	102	289
1	1	34	69	243
1	1	35	60	239
1	1	36	52	226
1	1	37	49	150
1	1	38	60	163
1	1	39	55	156
1	1	40	22	129
1	1	41	28	119
1	1	42	21	128
1	1	43	37	111
1	1	44	29	82
1	1	45	19	75
1	1	46	9	83
1	1	47	12	56
1	1	48	19	61
1	1	49	22	54
1	1	50	12	49
1	1	51	7	46
1	1	52	14	50
1	1	53	17	38
1	1	54	13	46
1	1	55	2	29
1	1	56	8	26
1	1	57	8	22
1	1	58	7	28
1	1	59	4	32
1	1	60	6	22
1	1	61	6	24
1	1	62	1	32
1	1	63	2	20
1	1	64	7	17
1	1	65	10	35
1	1	66	8	23
1	1	67	9	18
1	1	68	8	27
1	1	69	1	27
1	1	70	3	39
1	1	71	4	39
1	1	72	2	41
1	1	73	4	43
1	1	74	4	40
1	1	75	2	49
1	1	76	1	37
1	1	77	2	32
1	1	78	2	41
1	1	79	3	43
1	1	80	0	24
1	1	81	4	25
1	1	82	0	34
1	1	83	2	25
1	1	84	0	26
1	1	85	0	22
1	1	86	0	14
1	1	87	0	19
1	1	88	0	8
1	1	89	2	5
1	1	90	0	28
1	1	91	0	7
1	1	92	0	5
1	1	93	0	3
1	1	94	0	2
1	1	95	0	4
1	1	96	0	1
1	1	97	0	2
1	1	98	0	3
1	1	99	0	1
1	1	100	11	0
1	2	0	181	0
1	2	1	220	161
1	2	2	244	83
1	2	3	255	96
1	2	4	253	68
1	2	5	214	67
1	2	6	227	88
1	2	7	250	87
1	2	8	259	103
1	2	9	224	107
1	2	10	326	77
1	2	11	340	119
1	2	12	338	127
1	2	13	341	163
1	2	14	347	210
1	2	15	537	260
1	2	16	415	301
1	2	17	418	392
1	2	18	396	483
1	2	19	442	583
1	2	20	616	716
1	2	21	603	866
1	2	22	626	1021
1	2	23	612	991
1	2	24	640	1134
1	2	25	651	1200
1	2	26	690	1259
1	2	27	689	1224
1	2	28	685	1168
1	2	29	679	1182
1	2	30	513	1163
1	2	31	555	1026
1	2	32	495	981
1	2	33	525	944
1	2	34	514	886
1	2	35	325	810
1	2	36	351	766
1	2	37	356	672
1	2	38	381	638
1	2	39	351	563
1	2	40	188	503
1	2	41	215	450
1	2	42	212	415
1	2	43	215	394
1	2	44	231	349
1	2	45	174	329
1	2	46	153	307
1	2	47	164	237
1	2	48	149	242
1	2	49	161	181
1	2	50	114	210
1	2	51	118	172
1	2	52	90	147
1	2	53	99	172
1	2	54	97	152
1	2	55	56	126
1	2	56	79	122
1	2	57	75	122
1	2	58	67	79
1	2	59	82	83
1	2	60	41	85
1	2	61	43	77
1	2	62	47	67
1	2	63	39	85
1	2	64	45	54
1	2	65	35	73
1	2	66	39	57
1	2	67	42	55
1	2	68	49	63
1	2	69	41	60
1	2	70	13	68
1	2	71	19	78
1	2	72	11	65
1	2	73	25	65
1	2	74	11	57
1	2	75	15	57
1	2	76	10	55
1	2	77	11	45
1	2	78	9	36
1	2	79	5	42
1	2	80	5	39
1	2	81	8	28
1	2	82	4	30
1	2	83	5	31
1	2	84	2	25
1	2	85	0	27
1	2	86	1	27
1	2	87	2	17
1	2	88	0	22
1	2	89	0	27
1	2	90	3	31
1	2	91	0	8
1	2	92	0	11
1	2	93	0	6
1	2	94	0	6
1	2	95	0	2
1	2	96	0	5
1	2	97	0	8
1	2	98	0	0
1	2	99	0	4
1	2	100	96	3
1	3	0	52	0
1	3	1	47	236
1	3	2	49	146
1	3	3	51	97
1	3	4	54	85
1	3	5	53	57
1	3	6	51	101
1	3	7	47	104
1	3	8	61	111
1	3	9	50	102
1	3	10	113	82
1	3	11	100	126
1	3	12	106	211
1	3	13	87	316
1	3	14	87	384
1	3	15	265	391
1	3	16	280	631
1	3	17	309	960
1	3	18	320	1472
1	3	19	397	1751
1	3	20	439	2349
1	3	21	406	2520
1	3	22	483	2523
1	3	23	463	2456
1	3	24	406	2392
1	3	25	222	2276
1	3	26	264	2153
1	3	27	252	1864
1	3	28	245	1450
1	3	29	247	1174
1	3	30	196	982
1	3	31	205	807
1	3	32	207	621
1	3	33	190	569
1	3	34	191	559
1	3	35	125	451
1	3	36	132	432
1	3	37	135	381
1	3	38	166	334
1	3	39	138	314
1	3	40	82	301
1	3	41	102	245
1	3	42	82	208
1	3	43	92	246
1	3	44	86	247
1	3	45	63	205
1	3	46	47	174
1	3	47	74	159
1	3	48	53	152
1	3	49	47	130
1	3	50	36	110
1	3	51	26	115
1	3	52	40	122
1	3	53	32	117
1	3	54	33	104
1	3	55	23	89
1	3	56	18	97
1	3	57	23	86
1	3	58	30	55
1	3	59	20	77
1	3	60	15	77
1	3	61	19	82
1	3	62	8	79
1	3	63	15	86
1	3	64	11	32
1	3	65	10	89
1	3	66	12	68
1	3	67	11	43
1	3	68	12	53
1	3	69	9	56
1	3	70	4	58
1	3	71	9	66
1	3	72	5	49
1	3	73	8	61
1	3	74	5	66
1	3	75	6	68
1	3	76	1	60
1	3	77	3	44
1	3	78	1	67
1	3	79	2	55
1	3	80	4	60
1	3	81	3	59
1	3	82	2	70
1	3	83	2	44
1	3	84	3	41
1	3	85	3	44
1	3	86	1	53
1	3	87	3	45
1	3	88	1	29
1	3	89	2	39
1	3	90	2	59
1	3	91	0	19
1	3	92	0	12
1	3	93	0	9
1	3	94	0	6
1	3	95	0	11
1	3	96	0	8
1	3	97	0	3
1	3	98	0	4
1	3	99	0	2
1	3	100	22	7
1	4	0	130	0
1	4	1	167	264
1	4	2	170	142
1	4	3	184	121
1	4	4	173	80
1	4	5	83	86
1	4	6	109	110
1	4	7	86	99
1	4	8	101	77
1	4	9	93	75
1	4	10	95	50
1	4	11	91	71
1	4	12	94	103
1	4	13	88	218
1	4	14	94	280
1	4	15	317	297
1	4	16	212	436
1	4	17	259	702
1	4	18	226	1252
1	4	19	284	1596
1	4	20	1114	2059
1	4	21	1173	2343
1	4	22	1193	2757
1	4	23	1164	3208
1	4	24	1152	3462
1	4	25	2252	3608
1	4	26	2376	3676
1	4	27	2332	3635
1	4	28	2325	3319
1	4	29	2280	3071
1	4	30	2611	3178
1	4	31	2664	3107
1	4	32	2561	2805
1	4	33	2568	2673
1	4	34	2617	2587
1	4	35	1566	2522
1	4	36	1622	2235
1	4	37	1594	2155
1	4	38	1610	1887
1	4	39	1551	1645
1	4	40	553	1558
1	4	41	537	1292
1	4	42	607	1146
1	4	43	560	898
1	4	44	516	826
1	4	45	191	709
1	4	46	183	529
1	4	47	184	420
1	4	48	165	348
1	4	49	172	281
1	4	50	66	269
1	4	51	98	254
1	4	52	97	173
1	4	53	85	205
1	4	54	70	212
1	4	55	76	191
1	4	56	83	169
1	4	57	82	174
1	4	58	94	173
1	4	59	85	163
1	4	60	31	173
1	4	61	20	177
1	4	62	18	164
1	4	63	26	156
1	4	64	33	108
1	4	65	50	171
1	4	66	41	171
1	4	67	55	134
1	4	68	51	170
1	4	69	38	160
1	4	70	27	182
1	4	71	29	173
1	4	72	23	162
1	4	73	27	170
1	4	74	20	202
1	4	75	11	206
1	4	76	15	188
1	4	77	18	181
1	4	78	14	216
1	4	79	12	177
1	4	80	10	200
1	4	81	19	200
1	4	82	10	204
1	4	83	12	159
1	4	84	5	174
1	4	85	5	134
1	4	86	3	143
1	4	87	7	133
1	4	88	1	128
1	4	89	1	118
1	4	90	2	172
1	4	91	0	72
1	4	92	0	80
1	4	93	0	59
1	4	94	0	40
1	4	95	0	34
1	4	96	0	26
1	4	97	0	29
1	4	98	0	24
1	4	99	0	16
1	4	100	95	9
1	5	0	92	0
1	5	1	163	216
1	5	2	118	95
1	5	3	128	94
1	5	4	126	46
1	5	5	107	30
1	5	6	121	72
1	5	7	111	69
1	5	8	131	54
1	5	9	113	26
1	5	10	183	26
1	5	11	172	42
1	5	12	197	71
1	5	13	157	69
1	5	14	164	82
1	5	15	522	111
1	5	16	456	256
1	5	17	457	363
1	5	18	479	466
1	5	19	525	541
1	5	20	735	778
1	5	21	772	1088
1	5	22	827	1192
1	5	23	830	1237
1	5	24	760	1384
1	5	25	736	1511
1	5	26	775	1385
1	5	27	828	1300
1	5	28	783	1118
1	5	29	772	1011
1	5	30	417	970
1	5	31	450	807
1	5	32	447	675
1	5	33	451	568
1	5	34	425	505
1	5	35	173	488
1	5	36	202	360
1	5	37	203	328
1	5	38	171	307
1	5	39	189	297
1	5	40	93	250
1	5	41	98	210
1	5	42	108	208
1	5	43	101	191
1	5	44	99	173
1	5	45	75	150
1	5	46	79	126
1	5	47	68	129
1	5	48	56	118
1	5	49	47	80
1	5	50	54	104
1	5	51	59	109
1	5	52	66	84
1	5	53	44	95
1	5	54	46	109
1	5	55	32	70
1	5	56	30	88
1	5	57	20	94
1	5	58	22	75
1	5	59	29	97
1	5	60	20	90
1	5	61	27	73
1	5	62	17	95
1	5	63	17	100
1	5	64	27	58
1	5	65	16	96
1	5	66	13	66
1	5	67	34	59
1	5	68	26	62
1	5	69	26	84
1	5	70	11	98
1	5	71	10	98
1	5	72	15	101
1	5	73	12	86
1	5	74	12	128
1	5	75	14	105
1	5	76	7	133
1	5	77	8	117
1	5	78	11	99
1	5	79	6	99
1	5	80	8	96
1	5	81	5	112
1	5	82	2	119
1	5	83	10	82
1	5	84	11	74
1	5	85	2	93
1	5	86	1	76
1	5	87	2	75
1	5	88	1	63
1	5	89	2	39
1	5	90	0	82
1	5	91	0	36
1	5	92	0	29
1	5	93	0	15
1	5	94	0	12
1	5	95	0	6
1	5	96	0	14
1	5	97	0	8
1	5	98	0	10
1	5	99	0	8
1	5	100	67	7
2	0	0	0	0
2	0	1	3616	3520
2	0	2	1736	2112
2	0	3	1605	1294
2	0	4	1731	955
2	0	5	1148	601
2	0	6	706	1113
2	0	7	584	1095
2	0	8	633	929
2	0	9	677	701
2	0	10	920	524
2	0	11	990	457
2	0	12	1018	373
2	0	13	1016	364
2	0	14	1063	352
2	0	15	2535	442
2	0	16	3182	563
2	0	17	3999	709
2	0	18	5741	1329
2	0	19	8675	2148
2	0	20	10450	5542
2	0	21	12499	7338
2	0	22	14987	8970
2	0	23	14366	8432
2	0	24	13615	8714
2	0	25	12640	9839
2	0	26	12023	9415
2	0	27	11250	8701
2	0	28	11307	7236
2	0	29	10296	6100
2	0	30	7175	6044
2	0	31	6607	4910
2	0	32	6023	4591
2	0	33	5083	4416
2	0	34	4812	4099
2	0	35	4245	4156
2	0	36	3790	3972
2	0	37	3627	3843
2	0	38	3493	3820
2	0	39	3078	3556
2	0	40	2145	3009
2	0	41	1753	3256
2	0	42	1569	3103
2	0	43	1517	3287
2	0	44	1239	3260
2	0	45	1565	2867
2	0	46	1512	2781
2	0	47	1441	2717
2	0	48	1442	2792
2	0	49	1389	2724
2	0	50	1713	2845
2	0	51	1665	2750
2	0	52	1719	2854
2	0	53	1502	3165
2	0	54	1634	3564
2	0	55	1150	3307
2	0	56	1055	3403
2	0	57	1052	3381
2	0	58	1036	3373
2	0	59	778	3837
2	0	60	822	3960
2	0	61	666	4357
2	0	62	624	4682
2	0	63	499	5189
2	0	64	1197	5045
2	0	65	625	7011
2	0	66	501	7240
2	0	67	980	5721
2	0	68	604	7092
2	0	69	639	7788
2	0	70	393	8436
2	0	71	458	7345
2	0	72	468	7285
2	0	73	480	8325
2	0	74	407	9191
2	0	75	315	9817
2	0	76	360	10441
2	0	77	310	10843
2	0	78	268	11430
2	0	79	264	11818
2	0	80	203	13384
2	0	81	198	14076
2	0	82	194	15162
2	0	83	210	15149
2	0	84	133	15565
2	0	85	175	15385
2	0	86	162	15606
2	0	87	198	15790
2	0	88	169	15082
2	0	89	147	14934
2	0	90	327	15630
2	0	91	0	13744
2	0	92	0	13733
2	0	93	0	11119
2	0	94	0	7187
2	0	95	0	5896
2	0	96	0	5626
2	0	97	0	4603
2	0	98	0	3965
2	0	99	0	2914
2	0	100	0	2096
2	1	0	15	0
2	1	1	13	78
2	1	2	22	43
2	1	3	20	26
2	1	4	24	13
2	1	5	20	18
2	1	6	25	27
2	1	7	20	25
2	1	8	16	18
2	1	9	17	20
2	1	10	40	14
2	1	11	23	13
2	1	12	27	11
2	1	13	31	31
2	1	14	33	37
2	1	15	118	65
2	1	16	97	56
2	1	17	102	98
2	1	18	91	185
2	1	19	80	308
2	1	20	126	353
2	1	21	125	390
2	1	22	126	484
2	1	23	116	556
2	1	24	135	647
2	1	25	92	673
2	1	26	123	751
2	1	27	122	709
2	1	28	92	635
2	1	29	120	487
2	1	30	59	493
2	1	31	73	446
2	1	32	55	446
2	1	33	61	343
2	1	34	64	249
2	1	35	36	231
2	1	36	37	195
2	1	37	43	193
2	1	38	35	162
2	1	39	37	155
2	1	40	21	123
2	1	41	28	120
2	1	42	16	113
2	1	43	30	115
2	1	44	27	94
2	1	45	11	79
2	1	46	18	81
2	1	47	15	68
2	1	48	13	60
2	1	49	16	50
2	1	50	7	54
2	1	51	9	40
2	1	52	7	48
2	1	53	11	35
2	1	54	8	47
2	1	55	10	36
2	1	56	2	27
2	1	57	7	28
2	1	58	2	24
2	1	59	5	36
2	1	60	6	26
2	1	61	5	23
2	1	62	3	28
2	1	63	1	32
2	1	64	3	16
2	1	65	3	30
2	1	66	4	22
2	1	67	6	26
2	1	68	5	29
2	1	69	5	31
2	1	70	0	40
2	1	71	0	29
2	1	72	3	41
2	1	73	4	35
2	1	74	5	38
2	1	75	0	53
2	1	76	0	38
2	1	77	1	45
2	1	78	4	40
2	1	79	0	43
2	1	80	0	25
2	1	81	2	32
2	1	82	2	30
2	1	83	2	35
2	1	84	0	17
2	1	85	3	24
2	1	86	1	19
2	1	87	0	10
2	1	88	0	18
2	1	89	0	7
2	1	90	0	19
2	1	91	0	5
2	1	92	0	6
2	1	93	0	4
2	1	94	0	0
2	1	95	0	1
2	1	96	0	2
2	1	97	0	1
2	1	98	0	1
2	1	99	0	1
2	1	100	8	0
2	2	0	181	0
2	2	1	202	164
2	2	2	216	93
2	2	3	221	84
2	2	4	199	82
2	2	5	223	80
2	2	6	221	83
2	2	7	208	102
2	2	8	226	98
2	2	9	221	95
2	2	10	331	94
2	2	11	293	83
2	2	12	337	137
2	2	13	329	159
2	2	14	333	217
2	2	15	522	279
2	2	16	389	330
2	2	17	381	430
2	2	18	384	534
2	2	19	432	571
2	2	20	571	785
2	2	21	553	877
2	2	22	577	968
2	2	23	568	964
2	2	24	598	1072
2	2	25	616	1113
2	2	26	653	1105
2	2	27	678	1124
2	2	28	646	1106
2	2	29	664	1024
2	2	30	518	953
2	2	31	480	1014
2	2	32	463	954
2	2	33	491	823
2	2	34	492	791
2	2	35	338	753
2	2	36	337	673
2	2	37	321	661
2	2	38	324	599
2	2	39	321	510
2	2	40	189	472
2	2	41	232	388
2	2	42	170	375
2	2	43	199	362
2	2	44	202	319
2	2	45	158	271
2	2	46	152	267
2	2	47	145	252
2	2	48	142	208
2	2	49	139	179
2	2	50	115	179
2	2	51	92	162
2	2	52	93	150
2	2	53	102	158
2	2	54	75	143
2	2	55	75	89
2	2	56	71	106
2	2	57	68	92
2	2	58	76	95
2	2	59	76	83
2	2	60	41	76
2	2	61	49	76
2	2	62	32	82
2	2	63	33	79
2	2	64	47	49
2	2	65	41	65
2	2	66	44	60
2	2	67	37	45
2	2	68	29	55
2	2	69	41	44
2	2	70	15	71
2	2	71	16	51
2	2	72	20	49
2	2	73	20	59
2	2	74	11	47
2	2	75	12	56
2	2	76	8	34
2	2	77	10	45
2	2	78	8	56
2	2	79	7	43
2	2	80	6	36
2	2	81	10	33
2	2	82	6	35
2	2	83	6	36
2	2	84	4	22
2	2	85	3	20
2	2	86	1	22
2	2	87	2	16
2	2	88	0	22
2	2	89	0	12
2	2	90	1	49
2	2	91	0	7
2	2	92	0	3
2	2	93	0	9
2	2	94	0	4
2	2	95	0	2
2	2	96	0	6
2	2	97	0	2
2	2	98	0	0
2	2	99	0	2
2	2	100	81	4
2	3	0	36	0
2	3	1	42	205
2	3	2	53	134
2	3	3	44	108
2	3	4	54	91
2	3	5	52	61
2	3	6	50	113
2	3	7	46	118
2	3	8	32	101
2	3	9	47	83
2	3	10	109	91
2	3	11	98	101
2	3	12	108	184
2	3	13	115	285
2	3	14	116	409
2	3	15	363	481
2	3	16	330	530
2	3	17	313	943
2	3	18	384	1527
2	3	19	446	1936
2	3	20	483	2357
2	3	21	509	2637
2	3	22	524	2711
2	3	23	472	2584
2	3	24	481	2442
2	3	25	257	2366
2	3	26	314	2394
2	3	27	276	1933
2	3	28	275	1548
2	3	29	324	1200
2	3	30	210	976
2	3	31	253	799
2	3	32	241	663
2	3	33	246	582
2	3	34	201	491
2	3	35	146	430
2	3	36	158	417
2	3	37	156	375
2	3	38	153	342
2	3	39	147	315
2	3	40	83	273
2	3	41	115	256
2	3	42	104	255
2	3	43	116	226
2	3	44	98	211
2	3	45	64	197
2	3	46	56	164
2	3	47	59	137
2	3	48	56	134
2	3	49	60	127
2	3	50	41	97
2	3	51	44	116
2	3	52	50	94
2	3	53	26	105
2	3	54	56	107
2	3	55	16	90
2	3	56	23	85
2	3	57	21	68
2	3	58	26	62
2	3	59	30	79
2	3	60	14	71
2	3	61	17	77
2	3	62	11	54
2	3	63	13	80
2	3	64	13	41
2	3	65	8	102
2	3	66	8	62
2	3	67	15	38
2	3	68	9	47
2	3	69	11	41
2	3	70	6	60
2	3	71	2	46
2	3	72	7	56
2	3	73	7	62
2	3	74	8	64
2	3	75	7	58
2	3	76	5	52
2	3	77	1	42
2	3	78	4	65
2	3	79	4	63
2	3	80	1	44
2	3	81	4	51
2	3	82	2	48
2	3	83	1	39
2	3	84	1	49
2	3	85	2	45
2	3	86	1	34
2	3	87	0	49
2	3	88	0	41
2	3	89	0	31
2	3	90	0	67
2	3	91	0	9
2	3	92	0	6
2	3	93	0	14
2	3	94	0	6
2	3	95	0	6
2	3	96	0	5
2	3	97	0	7
2	3	98	0	0
2	3	99	0	5
2	3	100	17	1
2	4	0	124	0
2	4	1	168	198
2	4	2	149	131
2	4	3	158	92
2	4	4	181	91
2	4	5	89	64
2	4	6	101	105
2	4	7	75	101
2	4	8	94	72
2	4	9	103	70
2	4	10	97	35
2	4	11	97	59
2	4	12	78	79
2	4	13	88	165
2	4	14	82	323
2	4	15	319	338
2	4	16	203	377
2	4	17	227	665
2	4	18	217	1160
2	4	19	293	1769
2	4	20	1160	2090
2	4	21	1112	2399
2	4	22	1239	2783
2	4	23	1146	3178
2	4	24	1178	3578
2	4	25	2431	3822
2	4	26	2537	3971
2	4	27	2599	3944
2	4	28	2485	3737
2	4	29	2653	3192
2	4	30	2902	3142
2	4	31	2915	2948
2	4	32	2885	2941
2	4	33	2837	2747
2	4	34	2825	2491
2	4	35	1694	2472
2	4	36	1710	2324
2	4	37	1791	2213
2	4	38	1738	1914
2	4	39	1698	1622
2	4	40	588	1502
2	4	41	626	1488
2	4	42	607	1162
2	4	43	610	909
2	4	44	610	737
2	4	45	181	612
2	4	46	180	576
2	4	47	176	460
2	4	48	177	366
2	4	49	178	248
2	4	50	70	250
2	4	51	96	221
2	4	52	111	207
2	4	53	106	183
2	4	54	86	184
2	4	55	90	149
2	4	56	75	163
2	4	57	69	175
2	4	58	86	151
2	4	59	77	174
2	4	60	22	187
2	4	61	24	177
2	4	62	27	163
2	4	63	23	176
2	4	64	31	119
2	4	65	39	155
2	4	66	43	170
2	4	67	39	139
2	4	68	48	143
2	4	69	46	160
2	4	70	27	164
2	4	71	28	169
2	4	72	34	189
2	4	73	22	190
2	4	74	18	179
2	4	75	16	191
2	4	76	17	181
2	4	77	16	211
2	4	78	21	219
2	4	79	7	195
2	4	80	9	227
2	4	81	14	214
2	4	82	7	195
2	4	83	14	164
2	4	84	5	140
2	4	85	11	157
2	4	86	1	146
2	4	87	3	125
2	4	88	3	135
2	4	89	1	100
2	4	90	8	184
2	4	91	0	75
2	4	92	0	66
2	4	93	0	51
2	4	94	0	37
2	4	95	0	36
2	4	96	0	43
2	4	97	0	24
2	4	98	0	15
2	4	99	0	16
2	4	100	76	7
2	5	0	78	0
2	5	1	67	167
2	5	2	93	109
2	5	3	79	63
2	5	4	87	54
2	5	5	67	37
2	5	6	66	46
2	5	7	72	57
2	5	8	82	60
2	5	9	73	39
2	5	10	102	38
2	5	11	116	43
2	5	12	121	75
2	5	13	110	110
2	5	14	112	123
2	5	15	316	138
2	5	16	249	178
2	5	17	280	392
2	5	18	243	586
2	5	19	246	723
2	5	20	461	899
2	5	21	473	1017
2	5	22	502	1248
2	5	23	514	1428
2	5	24	471	1618
2	5	25	542	1717
2	5	26	568	1675
2	5	27	546	1526
2	5	28	527	1277
2	5	29	502	1206
2	5	30	321	1161
2	5	31	309	1044
2	5	32	319	820
2	5	33	326	641
2	5	34	281	560
2	5	35	144	525
2	5	36	174	494
2	5	37	160	370
2	5	38	152	329
2	5	39	179	305
2	5	40	95	248
2	5	41	98	259
2	5	42	95	193
2	5	43	84	201
2	5	44	85	164
2	5	45	65	168
2	5	46	47	151
2	5	47	51	132
2	5	48	60	101
2	5	49	70	105
2	5	50	31	110
2	5	51	45	98
2	5	52	41	91
2	5	53	46	102
2	5	54	45	95
2	5	55	26	87
2	5	56	15	82
2	5	57	24	81
2	5	58	17	87
2	5	59	30	87
2	5	60	17	83
2	5	61	23	81
2	5	62	18	91
2	5	63	20	88
2	5	64	18	54
2	5	65	26	106
2	5	66	17	69
2	5	67	37	53
2	5	68	19	82
2	5	69	18	85
2	5	70	13	91
2	5	71	16	85
2	5	72	9	86
2	5	73	15	100
2	5	74	12	87
2	5	75	8	108
2	5	76	11	129
2	5	77	8	123
2	5	78	4	119
2	5	79	8	106
2	5	80	5	106
2	5	81	5	92
2	5	82	4	109
2	5	83	2	95
2	5	84	6	87
2	5	85	2	76
2	5	86	2	71
2	5	87	2	57
2	5	88	2	55
2	5	89	1	46
2	5	90	0	78
2	5	91	1	26
2	5	92	0	26
2	5	93	0	15
2	5	94	0	18
2	5	95	0	15
2	5	96	0	5
2	5	97	0	9
2	5	98	0	12
2	5	99	0	6
2	5	100	31	1
3	0	0	0	0
3	0	1	3901	3453
3	0	2	1952	2017
3	0	3	1811	1331
3	0	4	1913	930
3	0	5	1336	661
3	0	6	787	1159
3	0	7	661	1211
3	0	8	785	971
3	0	9	800	796
3	0	10	1112	478
3	0	11	1122	438
3	0	12	1150	369
3	0	13	1184	341
3	0	14	1225	379
3	0	15	2834	417
3	0	16	3697	581
3	0	17	4564	700
3	0	18	6496	1279
3	0	19	9939	2176
3	0	20	12129	5627
3	0	21	14502	7481
3	0	22	17435	8762
3	0	23	16432	8717
3	0	24	16051	8672
3	0	25	14689	9869
3	0	26	13889	9584
3	0	27	13066	8691
3	0	28	12754	7316
3	0	29	11922	6049
3	0	30	8303	6065
3	0	31	7662	5050
3	0	32	7027	4485
3	0	33	5837	4478
3	0	34	5633	4149
3	0	35	4856	4253
3	0	36	4430	4044
3	0	37	4298	3989
3	0	38	4006	3648
3	0	39	3538	3521
3	0	40	2533	2946
3	0	41	2024	3304
3	0	42	2020	3181
3	0	43	1760	3217
3	0	44	1432	3257
3	0	45	1845	2896
3	0	46	1654	2874
3	0	47	1748	2675
3	0	48	1630	2874
3	0	49	1597	2621
3	0	50	1973	2923
3	0	51	2014	2832
3	0	52	1918	2921
3	0	53	1834	3197
3	0	54	1910	3473
3	0	55	1331	3245
3	0	56	1166	3496
3	0	57	1143	3389
3	0	58	1112	3330
3	0	59	943	3695
3	0	60	914	3864
3	0	61	932	4258
3	0	62	736	4479
3	0	63	546	4902
3	0	64	1437	4752
3	0	65	814	6118
3	0	66	614	7108
3	0	67	1120	7461
3	0	68	717	6639
3	0	69	752	8305
3	0	70	454	8802
3	0	71	575	8263
3	0	72	512	7448
3	0	73	587	7679
3	0	74	532	8880
3	0	75	340	9735
3	0	76	417	10265
3	0	77	307	10910
3	0	78	310	11487
3	0	79	342	11954
3	0	80	257	12875
3	0	81	258	13646
3	0	82	215	14216
3	0	83	244	15260
3	0	84	165	15315
3	0	85	201	15697
3	0	86	165	15077
3	0	87	230	15213
3	0	88	215	15132
3	0	89	178	14708
3	0	90	416	15522
3	0	91	0	13041
3	0	92	0	12967
3	0	93	0	12431
3	0	94	0	9951
3	0	95	0	6242
3	0	96	0	4966
3	0	97	0	4768
3	0	98	0	3818
3	0	99	0	3172
3	0	100	0	2290
3	1	0	13	0
3	1	1	24	75
3	1	2	21	35
3	1	3	25	24
3	1	4	25	28
3	1	5	23	12
3	1	6	17	32
3	1	7	21	23
3	1	8	29	23
3	1	9	26	13
3	1	10	38	14
3	1	11	42	10
3	1	12	33	10
3	1	13	35	12
3	1	14	34	29
3	1	15	138	81
3	1	16	114	64
3	1	17	117	74
3	1	18	114	127
3	1	19	137	211
3	1	20	115	331
3	1	21	125	444
3	1	22	146	445
3	1	23	149	516
3	1	24	144	627
3	1	25	113	757
3	1	26	105	713
3	1	27	120	749
3	1	28	101	711
3	1	29	117	626
3	1	30	60	516
3	1	31	72	451
3	1	32	70	434
3	1	33	53	416
3	1	34	61	341
3	1	35	39	252
3	1	36	54	210
3	1	37	56	233
3	1	38	49	166
3	1	39	41	153
3	1	40	22	120
3	1	41	20	116
3	1	42	27	101
3	1	43	23	98
3	1	44	20	96
3	1	45	16	71
3	1	46	23	55
3	1	47	13	53
3	1	48	17	53
3	1	49	13	56
3	1	50	12	37
3	1	51	8	29
3	1	52	10	31
3	1	53	13	46
3	1	54	11	41
3	1	55	4	27
3	1	56	7	26
3	1	57	10	23
3	1	58	3	28
3	1	59	5	34
3	1	60	7	31
3	1	61	5	23
3	1	62	3	31
3	1	63	1	31
3	1	64	8	16
3	1	65	3	41
3	1	66	9	21
3	1	67	8	12
3	1	68	5	24
3	1	69	6	16
3	1	70	1	33
3	1	71	2	25
3	1	72	1	25
3	1	73	3	45
3	1	74	4	46
3	1	75	5	39
3	1	76	1	46
3	1	77	1	38
3	1	78	0	43
3	1	79	0	44
3	1	80	1	27
3	1	81	2	41
3	1	82	2	29
3	1	83	0	38
3	1	84	1	43
3	1	85	0	22
3	1	86	0	21
3	1	87	0	16
3	1	88	0	14
3	1	89	1	5
3	1	90	1	27
3	1	91	0	3
3	1	92	0	2
3	1	93	0	4
3	1	94	0	6
3	1	95	0	2
3	1	96	0	1
3	1	97	0	1
3	1	98	0	1
3	1	99	0	2
3	1	100	6	1
3	2	0	157	0
3	2	1	190	146
3	2	2	184	98
3	2	3	184	95
3	2	4	203	70
3	2	5	187	85
3	2	6	210	103
3	2	7	190	83
3	2	8	192	95
3	2	9	203	96
3	2	10	316	83
3	2	11	317	102
3	2	12	291	95
3	2	13	303	174
3	2	14	287	202
3	2	15	532	282
3	2	16	386	330
3	2	17	382	327
3	2	18	401	441
3	2	19	401	532
3	2	20	512	761
3	2	21	547	815
3	2	22	546	893
3	2	23	598	906
3	2	24	520	939
3	2	25	578	1069
3	2	26	686	1080
3	2	27	612	1089
3	2	28	617	1017
3	2	29	641	929
3	2	30	534	878
3	2	31	493	876
3	2	32	523	830
3	2	33	485	787
3	2	34	495	743
3	2	35	318	723
3	2	36	342	632
3	2	37	324	532
3	2	38	356	515
3	2	39	330	461
3	2	40	197	377
3	2	41	226	361
3	2	42	220	361
3	2	43	199	317
3	2	44	194	259
3	2	45	166	270
3	2	46	176	265
3	2	47	148	218
3	2	48	156	203
3	2	49	152	182
3	2	50	117	143
3	2	51	121	160
3	2	52	114	130
3	2	53	88	121
3	2	54	114	115
3	2	55	64	95
3	2	56	66	120
3	2	57	70	93
3	2	58	80	71
3	2	59	62	90
3	2	60	38	78
3	2	61	38	87
3	2	62	31	78
3	2	63	37	69
3	2	64	43	35
3	2	65	32	74
3	2	66	39	61
3	2	67	50	55
3	2	68	42	63
3	2	69	36	65
3	2	70	10	79
3	2	71	17	44
3	2	72	21	39
3	2	73	16	50
3	2	74	16	51
3	2	75	15	58
3	2	76	11	50
3	2	77	10	51
3	2	78	9	46
3	2	79	15	48
3	2	80	4	38
3	2	81	7	38
3	2	82	5	28
3	2	83	11	30
3	2	84	4	20
3	2	85	3	26
3	2	86	2	28
3	2	87	1	27
3	2	88	1	20
3	2	89	0	23
3	2	90	1	31
3	2	91	0	4
3	2	92	0	2
3	2	93	0	7
3	2	94	0	8
3	2	95	0	2
3	2	96	0	2
3	2	97	0	2
3	2	98	0	3
3	2	99	0	2
3	2	100	84	2
3	3	0	34	0
3	3	1	62	178
3	3	2	53	116
3	3	3	58	99
3	3	4	66	92
3	3	5	56	69
3	3	6	52	80
3	3	7	52	91
3	3	8	54	103
3	3	9	43	90
3	3	10	139	73
3	3	11	141	89
3	3	12	116	106
3	3	13	127	264
3	3	14	107	384
3	3	15	441	489
3	3	16	435	573
3	3	17	466	643
3	3	18	488	1236
3	3	19	570	1947
3	3	20	607	2413
3	3	21	628	2726
3	3	22	641	2782
3	3	23	655	2619
3	3	24	601	2424
3	3	25	323	2389
3	3	26	402	2237
3	3	27	381	2284
3	3	28	372	1668
3	3	29	405	1259
3	3	30	251	1059
3	3	31	306	725
3	3	32	311	697
3	3	33	268	599
3	3	34	276	477
3	3	35	182	439
3	3	36	194	414
3	3	37	187	382
3	3	38	203	370
3	3	39	200	347
3	3	40	125	228
3	3	41	128	258
3	3	42	110	245
3	3	43	117	204
3	3	44	111	242
3	3	45	88	193
3	3	46	75	158
3	3	47	73	137
3	3	48	72	132
3	3	49	63	113
3	3	50	34	125
3	3	51	41	109
3	3	52	42	102
3	3	53	51	91
3	3	54	41	107
3	3	55	22	67
3	3	56	20	91
3	3	57	33	69
3	3	58	25	52
3	3	59	21	77
3	3	60	15	69
3	3	61	24	84
3	3	62	11	69
3	3	63	18	83
3	3	64	25	48
3	3	65	9	84
3	3	66	9	95
3	3	67	18	49
3	3	68	16	51
3	3	69	9	49
3	3	70	6	68
3	3	71	11	55
3	3	72	12	51
3	3	73	6	49
3	3	74	7	44
3	3	75	6	55
3	3	76	4	39
3	3	77	5	41
3	3	78	6	67
3	3	79	3	32
3	3	80	5	56
3	3	81	1	46
3	3	82	6	47
3	3	83	5	56
3	3	84	0	47
3	3	85	4	44
3	3	86	1	34
3	3	87	1	48
3	3	88	0	42
3	3	89	1	29
3	3	90	2	74
3	3	91	0	11
3	3	92	0	9
3	3	93	0	11
3	3	94	0	10
3	3	95	0	4
3	3	96	0	7
3	3	97	0	7
3	3	98	0	3
3	3	99	0	2
3	3	100	23	5
3	4	0	123	0
3	4	1	151	180
3	4	2	170	101
3	4	3	147	124
3	4	4	146	88
3	4	5	88	71
3	4	6	100	96
3	4	7	95	73
3	4	8	84	80
3	4	9	99	60
3	4	10	102	49
3	4	11	87	42
3	4	12	96	45
3	4	13	85	122
3	4	14	107	202
3	4	15	316	310
3	4	16	257	330
3	4	17	232	368
3	4	18	275	814
3	4	19	283	1287
3	4	20	1263	1861
3	4	21	1266	2067
3	4	22	1313	2238
3	4	23	1393	2597
3	4	24	1324	2969
3	4	25	2803	3371
3	4	26	2907	3539
3	4	27	2856	3640
3	4	28	2830	3518
3	4	29	2802	3097
3	4	30	3219	2700
3	4	31	3264	2627
3	4	32	3218	2566
3	4	33	3078	2453
3	4	34	3142	2270
3	4	35	2018	2023
3	4	36	1926	1985
3	4	37	1926	1882
3	4	38	1871	1620
3	4	39	1893	1411
3	4	40	666	1251
3	4	41	667	1171
3	4	42	671	1078
3	4	43	661	846
3	4	44	633	646
3	4	45	197	597
3	4	46	218	506
3	4	47	215	407
3	4	48	206	337
3	4	49	219	262
3	4	50	90	236
3	4	51	118	214
3	4	52	118	160
3	4	53	113	206
3	4	54	102	192
3	4	55	77	135
3	4	56	87	155
3	4	57	77	142
3	4	58	91	145
3	4	59	88	151
3	4	60	30	172
3	4	61	37	152
3	4	62	31	175
3	4	63	13	143
3	4	64	37	140
3	4	65	45	163
3	4	66	49	168
3	4	67	60	104
3	4	68	54	143
3	4	69	41	140
3	4	70	15	175
3	4	71	33	175
3	4	72	28	149
3	4	73	32	134
3	4	74	25	193
3	4	75	17	165
3	4	76	19	178
3	4	77	21	201
3	4	78	15	212
3	4	79	9	184
3	4	80	5	197
3	4	81	18	208
3	4	82	10	181
3	4	83	15	213
3	4	84	4	188
3	4	85	5	178
3	4	86	3	141
3	4	87	4	147
3	4	88	2	123
3	4	89	2	149
3	4	90	9	203
3	4	91	0	57
3	4	92	0	68
3	4	93	0	77
3	4	94	0	50
3	4	95	0	38
3	4	96	0	26
3	4	97	0	26
3	4	98	0	14
3	4	99	0	17
3	4	100	77	15
3	5	0	72	0
3	5	1	84	168
3	5	2	96	78
3	5	3	103	74
3	5	4	109	50
3	5	5	78	45
3	5	6	85	68
3	5	7	86	54
3	5	8	82	56
3	5	9	91	57
3	5	10	138	42
3	5	11	104	34
3	5	12	118	46
3	5	13	121	97
3	5	14	137	122
3	5	15	365	131
3	5	16	275	157
3	5	17	280	198
3	5	18	285	544
3	5	19	333	674
3	5	20	501	922
3	5	21	477	1053
3	5	22	541	1063
3	5	23	500	1317
3	5	24	526	1539
3	5	25	570	1641
3	5	26	603	1801
3	5	27	576	1712
3	5	28	541	1403
3	5	29	565	1212
3	5	30	348	1216
3	5	31	363	1126
3	5	32	351	992
3	5	33	332	722
3	5	34	330	619
3	5	35	170	579
3	5	36	174	512
3	5	37	184	474
3	5	38	145	349
3	5	39	158	314
3	5	40	74	260
3	5	41	114	242
3	5	42	102	245
3	5	43	87	226
3	5	44	89	193
3	5	45	62	165
3	5	46	71	149
3	5	47	65	131
3	5	48	52	133
3	5	49	54	100
3	5	50	36	105
3	5	51	56	99
3	5	52	36	82
3	5	53	37	116
3	5	54	47	109
3	5	55	32	76
3	5	56	30	89
3	5	57	33	109
3	5	58	36	73
3	5	59	20	82
3	5	60	28	95
3	5	61	19	120
3	5	62	17	89
3	5	63	14	106
3	5	64	29	63
3	5	65	9	87
3	5	66	25	74
3	5	67	28	65
3	5	68	21	43
3	5	69	20	62
3	5	70	10	85
3	5	71	12	90
3	5	72	14	90
3	5	73	11	83
3	5	74	10	102
3	5	75	13	115
3	5	76	9	110
3	5	77	7	120
3	5	78	2	114
3	5	79	7	95
3	5	80	4	103
3	5	81	3	91
3	5	82	7	108
3	5	83	4	92
3	5	84	4	88
3	5	85	3	71
3	5	86	1	73
3	5	87	2	65
3	5	88	1	58
3	5	89	3	42
3	5	90	1	88
3	5	91	0	19
3	5	92	0	25
3	5	93	0	29
3	5	94	0	12
3	5	95	0	11
3	5	96	0	13
3	5	97	0	8
3	5	98	0	5
3	5	99	0	3
3	5	100	39	4
4	0	0	0	0
4	0	1	4270	3451
4	0	2	2186	2067
4	0	3	1989	1258
4	0	4	2152	961
4	0	5	1490	611
4	0	6	901	1098
4	0	7	842	1111
4	0	8	817	912
4	0	9	887	760
4	0	10	1192	482
4	0	11	1251	432
4	0	12	1299	381
4	0	13	1395	351
4	0	14	1358	362
4	0	15	3154	473
4	0	16	4131	560
4	0	17	5204	655
4	0	18	7380	1305
4	0	19	11539	2102
4	0	20	13968	5672
4	0	21	16620	7439
4	0	22	19482	8938
4	0	23	18733	8674
4	0	24	17880	8923
4	0	25	16327	10154
4	0	26	15704	9669
4	0	27	14697	8672
4	0	28	14459	7352
4	0	29	13505	6266
4	0	30	9459	6079
4	0	31	8547	5072
4	0	32	7758	4498
4	0	33	6652	4628
4	0	34	6266	4147
4	0	35	5492	4398
4	0	36	5007	4131
4	0	37	4713	3744
4	0	38	4678	3749
4	0	39	3926	3547
4	0	40	2885	2854
4	0	41	2334	3318
4	0	42	2195	3112
4	0	43	1955	3276
4	0	44	1609	3259
4	0	45	2045	2850
4	0	46	1840	2758
4	0	47	2003	2720
4	0	48	1874	2778
4	0	49	1787	2714
4	0	50	2214	2899
4	0	51	2146	2830
4	0	52	2343	2803
4	0	53	1984	3229
4	0	54	2054	3479
4	0	55	1520	3130
4	0	56	1356	3409
4	0	57	1332	3406
4	0	58	1288	3251
4	0	59	1018	3639
4	0	60	972	3784
4	0	61	920	4337
4	0	62	807	4522
4	0	63	628	4864
4	0	64	1736	4460
4	0	65	890	5963
4	0	66	684	6341
4	0	67	1318	7179
4	0	68	780	8187
4	0	69	809	7792
4	0	70	558	9228
4	0	71	605	8588
4	0	72	544	8376
4	0	73	619	7842
4	0	74	550	8277
4	0	75	437	9338
4	0	76	498	10308
4	0	77	391	10964
4	0	78	350	11633
4	0	79	348	11828
4	0	80	234	12956
4	0	81	263	13016
4	0	82	225	13701
4	0	83	236	14634
4	0	84	220	15399
4	0	85	244	15135
4	0	86	199	15072
4	0	87	234	14899
4	0	88	226	15095
4	0	89	195	14751
4	0	90	424	15333
4	0	91	0	12993
4	0	92	0	12571
4	0	93	0	12227
4	0	94	0	11401
4	0	95	0	8959
4	0	96	0	5505
4	0	97	0	4273
4	0	98	0	3991
4	0	99	0	3126
4	0	100	0	2431
4	1	0	15	0
4	1	1	27	82
4	1	2	33	25
4	1	3	35	24
4	1	4	29	12
4	1	5	19	19
4	1	6	21	22
4	1	7	26	24
4	1	8	17	20
4	1	9	18	20
4	1	10	50	9
4	1	11	56	4
4	1	12	39	5
4	1	13	37	9
4	1	14	42	25
4	1	15	133	40
4	1	16	127	71
4	1	17	119	74
4	1	18	111	82
4	1	19	140	139
4	1	20	129	216
4	1	21	141	325
4	1	22	147	409
4	1	23	134	412
4	1	24	134	435
4	1	25	106	583
4	1	26	93	613
4	1	27	109	666
4	1	28	111	614
4	1	29	81	553
4	1	30	65	511
4	1	31	51	384
4	1	32	71	408
4	1	33	71	349
4	1	34	77	328
4	1	35	29	291
4	1	36	47	198
4	1	37	51	189
4	1	38	46	171
4	1	39	28	126
4	1	40	19	114
4	1	41	23	100
4	1	42	31	91
4	1	43	25	101
4	1	44	15	108
4	1	45	24	78
4	1	46	12	71
4	1	47	14	58
4	1	48	14	67
4	1	49	23	55
4	1	50	13	60
4	1	51	10	31
4	1	52	2	39
4	1	53	15	45
4	1	54	10	43
4	1	55	9	30
4	1	56	9	32
4	1	57	4	27
4	1	58	9	19
4	1	59	9	34
4	1	60	5	19
4	1	61	8	25
4	1	62	1	34
4	1	63	3	31
4	1	64	2	20
4	1	65	5	26
4	1	66	4	17
4	1	67	10	23
4	1	68	8	16
4	1	69	6	28
4	1	70	2	39
4	1	71	2	20
4	1	72	3	28
4	1	73	4	29
4	1	74	0	44
4	1	75	3	52
4	1	76	2	41
4	1	77	2	40
4	1	78	1	49
4	1	79	0	48
4	1	80	1	32
4	1	81	2	35
4	1	82	1	39
4	1	83	0	31
4	1	84	1	28
4	1	85	0	27
4	1	86	0	11
4	1	87	0	15
4	1	88	0	19
4	1	89	0	9
4	1	90	1	33
4	1	91	0	2
4	1	92	0	3
4	1	93	0	2
4	1	94	0	4
4	1	95	0	0
4	1	96	0	3
4	1	97	0	2
4	1	98	0	1
4	1	99	0	1
4	1	100	12	0
4	2	0	129	0
4	2	1	170	130
4	2	2	194	48
4	2	3	177	88
4	2	4	185	89
4	2	5	204	92
4	2	6	212	126
4	2	7	194	107
4	2	8	189	90
4	2	9	186	112
4	2	10	301	87
4	2	11	308	98
4	2	12	275	113
4	2	13	308	117
4	2	14	307	185
4	2	15	530	231
4	2	16	308	274
4	2	17	335	291
4	2	18	339	363
4	2	19	370	459
4	2	20	555	637
4	2	21	517	773
4	2	22	535	792
4	2	23	562	826
4	2	24	529	872
4	2	25	581	976
4	2	26	621	950
4	2	27	615	869
4	2	28	604	868
4	2	29	578	757
4	2	30	484	796
4	2	31	534	770
4	2	32	469	775
4	2	33	437	713
4	2	34	434	636
4	2	35	303	598
4	2	36	316	592
4	2	37	363	536
4	2	38	361	473
4	2	39	337	429
4	2	40	207	391
4	2	41	222	337
4	2	42	194	296
4	2	43	222	272
4	2	44	188	269
4	2	45	167	241
4	2	46	133	192
4	2	47	154	196
4	2	48	142	171
4	2	49	146	159
4	2	50	93	147
4	2	51	105	164
4	2	52	114	131
4	2	53	96	115
4	2	54	107	128
4	2	55	68	101
4	2	56	71	86
4	2	57	77	94
4	2	58	82	80
4	2	59	59	71
4	2	60	52	72
4	2	61	41	82
4	2	62	48	79
4	2	63	40	83
4	2	64	46	44
4	2	65	45	73
4	2	66	40	60
4	2	67	51	52
4	2	68	41	56
4	2	69	33	58
4	2	70	10	67
4	2	71	16	59
4	2	72	11	54
4	2	73	17	49
4	2	74	11	61
4	2	75	14	64
4	2	76	12	46
4	2	77	13	37
4	2	78	13	55
4	2	79	7	36
4	2	80	7	45
4	2	81	7	47
4	2	82	5	46
4	2	83	3	33
4	2	84	5	24
4	2	85	4	24
4	2	86	3	25
4	2	87	1	23
4	2	88	5	19
4	2	89	0	21
4	2	90	1	37
4	2	91	0	7
4	2	92	0	5
4	2	93	0	3
4	2	94	0	6
4	2	95	0	3
4	2	96	0	4
4	2	97	0	3
4	2	98	0	4
4	2	99	0	2
4	2	100	70	1
4	3	0	34	0
4	3	1	72	170
4	3	2	64	132
4	3	3	53	85
4	3	4	64	82
4	3	5	62	51
4	3	6	47	92
4	3	7	60	97
4	3	8	50	100
4	3	9	63	92
4	3	10	181	70
4	3	11	180	91
4	3	12	159	89
4	3	13	172	106
4	3	14	193	254
4	3	15	659	384
4	3	16	655	455
4	3	17	654	525
4	3	18	725	570
4	3	19	751	1283
4	3	20	771	1832
4	3	21	732	2113
4	3	22	798	2291
4	3	23	809	2278
4	3	24	734	2003
4	3	25	321	2074
4	3	26	429	1981
4	3	27	401	2064
4	3	28	348	1762
4	3	29	366	1335
4	3	30	263	991
4	3	31	278	778
4	3	32	300	676
4	3	33	286	633
4	3	34	271	509
4	3	35	180	458
4	3	36	171	365
4	3	37	185	347
4	3	38	151	309
4	3	39	171	293
4	3	40	118	237
4	3	41	114	254
4	3	42	118	236
4	3	43	126	195
4	3	44	101	244
4	3	45	68	177
4	3	46	75	155
4	3	47	86	155
4	3	48	79	148
4	3	49	63	75
4	3	50	40	134
4	3	51	44	107
4	3	52	55	113
4	3	53	47	89
4	3	54	45	100
4	3	55	23	72
4	3	56	23	90
4	3	57	27	79
4	3	58	25	52
4	3	59	25	78
4	3	60	10	88
4	3	61	13	61
4	3	62	21	59
4	3	63	9	75
4	3	64	22	52
4	3	65	9	106
4	3	66	16	93
4	3	67	24	54
4	3	68	11	65
4	3	69	17	49
4	3	70	4	76
4	3	71	9	48
4	3	72	8	56
4	3	73	14	31
4	3	74	6	52
4	3	75	12	52
4	3	76	6	53
4	3	77	7	49
4	3	78	5	50
4	3	79	3	50
4	3	80	2	46
4	3	81	3	43
4	3	82	7	44
4	3	83	1	38
4	3	84	2	45
4	3	85	1	45
4	3	86	0	38
4	3	87	0	31
4	3	88	2	29
4	3	89	1	32
4	3	90	1	82
4	3	91	0	8
4	3	92	0	9
4	3	93	0	11
4	3	94	0	7
4	3	95	0	11
4	3	96	0	5
4	3	97	0	6
4	3	98	0	5
4	3	99	0	1
4	3	100	24	1
4	4	0	130	0
4	4	1	164	195
4	4	2	152	111
4	4	3	171	65
4	4	4	154	89
4	4	5	87	79
4	4	6	127	101
4	4	7	102	93
4	4	8	102	79
4	4	9	108	63
4	4	10	95	54
4	4	11	89	48
4	4	12	100	41
4	4	13	98	32
4	4	14	99	103
4	4	15	334	192
4	4	16	264	214
4	4	17	249	231
4	4	18	242	302
4	4	19	318	713
4	4	20	1300	1075
4	4	21	1293	1427
4	4	22	1287	1592
4	4	23	1280	1667
4	4	24	1344	1907
4	4	25	2624	2176
4	4	26	2842	2421
4	4	27	2754	2527
4	4	28	2879	2627
4	4	29	2827	2406
4	4	30	3143	2163
4	4	31	3145	2001
4	4	32	3199	1845
4	4	33	3091	1883
4	4	34	3190	1727
4	4	35	1923	1668
4	4	36	1938	1457
4	4	37	1816	1404
4	4	38	1930	1336
4	4	39	1880	1107
4	4	40	663	957
4	4	41	687	880
4	4	42	670	828
4	4	43	684	730
4	4	44	646	614
4	4	45	183	462
4	4	46	200	377
4	4	47	204	348
4	4	48	205	314
4	4	49	194	223
4	4	50	105	205
4	4	51	100	179
4	4	52	95	160
4	4	53	93	184
4	4	54	120	181
4	4	55	95	133
4	4	56	100	138
4	4	57	94	147
4	4	58	101	118
4	4	59	86	168
4	4	60	44	153
4	4	61	26	147
4	4	62	26	166
4	4	63	21	168
4	4	64	44	137
4	4	65	42	162
4	4	66	43	178
4	4	67	65	150
4	4	68	50	147
4	4	69	61	155
4	4	70	41	193
4	4	71	40	161
4	4	72	35	148
4	4	73	26	158
4	4	74	39	190
4	4	75	29	213
4	4	76	22	179
4	4	77	19	226
4	4	78	24	168
4	4	79	11	213
4	4	80	19	192
4	4	81	20	208
4	4	82	12	192
4	4	83	12	208
4	4	84	8	179
4	4	85	5	200
4	4	86	6	169
4	4	87	4	144
4	4	88	2	134
4	4	89	4	133
4	4	90	7	185
4	4	91	0	84
4	4	92	0	85
4	4	93	0	63
4	4	94	0	70
4	4	95	0	59
4	4	96	0	33
4	4	97	0	33
4	4	98	0	30
4	4	99	0	13
4	4	100	81	13
4	5	0	67	0
4	5	1	96	141
4	5	2	102	93
4	5	3	99	72
4	5	4	90	70
4	5	5	86	45
4	5	6	93	71
4	5	7	66	68
4	5	8	86	62
4	5	9	91	67
4	5	10	135	30
4	5	11	133	42
4	5	12	118	51
4	5	13	108	57
4	5	14	123	86
4	5	15	330	138
4	5	16	278	144
4	5	17	274	183
4	5	18	261	246
4	5	19	298	487
4	5	20	478	778
4	5	21	439	844
4	5	22	479	891
4	5	23	441	934
4	5	24	433	1176
4	5	25	488	1369
4	5	26	493	1415
4	5	27	531	1452
4	5	28	538	1311
4	5	29	490	1099
4	5	30	296	1030
4	5	31	317	913
4	5	32	293	878
4	5	33	299	799
4	5	34	332	576
4	5	35	172	526
4	5	36	173	457
4	5	37	162	421
4	5	38	149	381
4	5	39	151	267
4	5	40	63	245
4	5	41	84	227
4	5	42	106	234
4	5	43	96	220
4	5	44	88	203
4	5	45	50	148
4	5	46	66	155
4	5	47	59	128
4	5	48	51	119
4	5	49	60	109
4	5	50	36	94
4	5	51	48	108
4	5	52	43	86
4	5	53	33	105
4	5	54	41	114
4	5	55	40	99
4	5	56	39	81
4	5	57	36	88
4	5	58	26	91
4	5	59	24	99
4	5	60	26	87
4	5	61	31	94
4	5	62	14	92
4	5	63	18	100
4	5	64	30	75
4	5	65	18	102
4	5	66	33	76
4	5	67	47	54
4	5	68	22	68
4	5	69	19	59
4	5	70	10	92
4	5	71	17	51
4	5	72	21	99
4	5	73	15	81
4	5	74	8	110
4	5	75	15	123
4	5	76	10	99
4	5	77	10	112
4	5	78	8	131
4	5	79	10	114
4	5	80	11	123
4	5	81	9	109
4	5	82	3	95
4	5	83	3	92
4	5	84	0	114
4	5	85	9	97
4	5	86	1	63
4	5	87	1	69
4	5	88	3	72
4	5	89	1	62
4	5	90	0	110
4	5	91	0	14
4	5	92	0	26
4	5	93	0	21
4	5	94	0	21
4	5	95	0	17
4	5	96	0	15
4	5	97	0	12
4	5	98	0	5
4	5	99	0	3
4	5	100	43	6
5	0	0	0	0
5	0	1	4377	3443
5	0	2	1882	2187
5	0	3	1780	1270
5	0	4	1928	904
5	0	5	1384	691
5	0	6	748	1125
5	0	7	714	1144
5	0	8	705	979
5	0	9	780	756
5	0	10	1066	509
5	0	11	1059	407
5	0	12	1181	370
5	0	13	1211	370
5	0	14	1274	333
5	0	15	2875	425
5	0	16	3561	542
5	0	17	4628	670
5	0	18	6495	1278
5	0	19	10055	2187
5	0	20	12256	5698
5	0	21	14966	7584
5	0	22	17238	9078
5	0	23	16588	8621
5	0	24	16322	8913
5	0	25	14781	10287
5	0	26	14188	9422
5	0	27	12856	8860
5	0	28	13071	7429
5	0	29	12034	6151
5	0	30	8418	6185
5	0	31	7683	5011
5	0	32	6874	4573
5	0	33	6078	4473
5	0	34	5679	4199
5	0	35	4806	4363
5	0	36	4488	4013
5	0	37	4288	3827
5	0	38	4027	3606
5	0	39	3541	3534
5	0	40	2533	2917
5	0	41	2052	3127
5	0	42	1996	3117
5	0	43	1644	3221
5	0	44	1464	3285
5	0	45	1855	2944
5	0	46	1729	2633
5	0	47	1716	2571
5	0	48	1618	2745
5	0	49	1622	2650
5	0	50	1945	2817
5	0	51	2009	2916
5	0	52	2002	2919
5	0	53	1762	3374
5	0	54	1891	3514
5	0	55	1354	3240
5	0	56	1167	3420
5	0	57	1150	3519
5	0	58	1154	3319
5	0	59	914	3639
5	0	60	902	3607
5	0	61	754	4020
5	0	62	752	4530
5	0	63	595	4746
5	0	64	1516	4208
5	0	65	826	5706
5	0	66	623	6109
5	0	67	1109	6470
5	0	68	680	8139
5	0	69	697	9467
5	0	70	442	8439
5	0	71	530	8954
5	0	72	524	8427
5	0	73	563	8526
5	0	74	498	8202
5	0	75	330	8747
5	0	76	394	9956
5	0	77	322	10823
5	0	78	295	11348
5	0	79	336	11927
5	0	80	240	12881
5	0	81	269	13250
5	0	82	213	13205
5	0	83	239	14003
5	0	84	183	14851
5	0	85	202	15219
5	0	86	161	15279
5	0	87	218	14886
5	0	88	225	14577
5	0	89	175	14721
5	0	90	341	15435
5	0	91	0	12840
5	0	92	0	12542
5	0	93	0	11817
5	0	94	0	11200
5	0	95	0	10120
5	0	96	0	7844
5	0	97	0	4775
5	0	98	0	3637
5	0	99	0	3222
5	0	100	0	2433
5	1	0	17	0
5	1	1	21	86
5	1	2	17	33
5	1	3	25	23
5	1	4	24	22
5	1	5	16	16
5	1	6	23	23
5	1	7	26	22
5	1	8	18	22
5	1	9	15	21
5	1	10	41	8
5	1	11	29	9
5	1	12	40	6
5	1	13	36	12
5	1	14	32	9
5	1	15	109	24
5	1	16	111	29
5	1	17	107	55
5	1	18	94	59
5	1	19	108	90
5	1	20	122	158
5	1	21	114	236
5	1	22	125	283
5	1	23	115	286
5	1	24	118	307
5	1	25	79	356
5	1	26	96	356
5	1	27	103	446
5	1	28	92	464
5	1	29	92	418
5	1	30	45	423
5	1	31	68	328
5	1	32	72	275
5	1	33	64	275
5	1	34	54	220
5	1	35	33	237
5	1	36	34	214
5	1	37	40	154
5	1	38	44	151
5	1	39	25	139
5	1	40	20	103
5	1	41	24	91
5	1	42	18	76
5	1	43	23	90
5	1	44	21	100
5	1	45	13	70
5	1	46	9	44
5	1	47	14	49
5	1	48	13	59
5	1	49	17	43
5	1	50	6	41
5	1	51	13	30
5	1	52	6	34
5	1	53	11	32
5	1	54	9	36
5	1	55	8	35
5	1	56	6	30
5	1	57	8	39
5	1	58	3	37
5	1	59	6	38
5	1	60	5	35
5	1	61	7	28
5	1	62	1	31
5	1	63	4	39
5	1	64	3	24
5	1	65	3	32
5	1	66	6	23
5	1	67	8	12
5	1	68	7	32
5	1	69	10	18
5	1	70	1	26
5	1	71	2	24
5	1	72	2	21
5	1	73	0	28
5	1	74	3	29
5	1	75	3	48
5	1	76	2	32
5	1	77	1	53
5	1	78	2	42
5	1	79	2	51
5	1	80	0	48
5	1	81	4	47
5	1	82	1	28
5	1	83	1	42
5	1	84	0	43
5	1	85	0	31
5	1	86	0	28
5	1	87	1	22
5	1	88	0	17
5	1	89	0	18
5	1	90	0	29
5	1	91	0	7
5	1	92	0	2
5	1	93	0	3
5	1	94	0	1
5	1	95	0	4
5	1	96	0	1
5	1	97	0	1
5	1	98	0	0
5	1	99	0	0
5	1	100	11	0
5	2	0	140	0
5	2	1	204	161
5	2	2	201	61
5	2	3	181	84
5	2	4	215	96
5	2	5	185	86
5	2	6	189	113
5	2	7	200	115
5	2	8	185	98
5	2	9	219	108
5	2	10	319	105
5	2	11	296	98
5	2	12	275	111
5	2	13	292	121
5	2	14	297	139
5	2	15	509	178
5	2	16	339	218
5	2	17	354	245
5	2	18	421	336
5	2	19	399	322
5	2	20	587	540
5	2	21	536	636
5	2	22	589	612
5	2	23	560	711
5	2	24	575	737
5	2	25	628	806
5	2	26	677	820
5	2	27	656	782
5	2	28	660	738
5	2	29	624	718
5	2	30	521	693
5	2	31	490	625
5	2	32	524	599
5	2	33	481	593
5	2	34	473	535
5	2	35	314	555
5	2	36	310	446
5	2	37	357	471
5	2	38	317	405
5	2	39	347	399
5	2	40	217	334
5	2	41	239	299
5	2	42	219	322
5	2	43	195	265
5	2	44	203	271
5	2	45	170	182
5	2	46	150	201
5	2	47	144	194
5	2	48	145	181
5	2	49	158	137
5	2	50	103	134
5	2	51	111	148
5	2	52	107	117
5	2	53	99	146
5	2	54	113	138
5	2	55	74	103
5	2	56	67	100
5	2	57	90	72
5	2	58	71	91
5	2	59	64	89
5	2	60	40	69
5	2	61	46	82
5	2	62	35	84
5	2	63	35	80
5	2	64	58	58
5	2	65	35	90
5	2	66	32	73
5	2	67	33	53
5	2	68	33	63
5	2	69	30	73
5	2	70	13	76
5	2	71	17	56
5	2	72	16	53
5	2	73	18	48
5	2	74	14	44
5	2	75	14	44
5	2	76	8	60
5	2	77	16	68
5	2	78	8	57
5	2	79	8	51
5	2	80	7	49
5	2	81	6	41
5	2	82	9	45
5	2	83	4	33
5	2	84	5	39
5	2	85	5	36
5	2	86	0	41
5	2	87	1	32
5	2	88	0	13
5	2	89	2	19
5	2	90	2	36
5	2	91	0	7
5	2	92	0	3
5	2	93	1	2
5	2	94	0	0
5	2	95	0	1
5	2	96	0	2
5	2	97	0	3
5	2	98	0	3
5	2	99	0	1
5	2	100	56	3
5	3	0	39	0
5	3	1	68	192
5	3	2	61	114
5	3	3	47	86
5	3	4	60	78
5	3	5	49	56
5	3	6	56	69
5	3	7	47	100
5	3	8	75	86
5	3	9	59	87
5	3	10	224	71
5	3	11	212	69
5	3	12	213	96
5	3	13	220	103
5	3	14	189	114
5	3	15	834	238
5	3	16	845	320
5	3	17	841	393
5	3	18	875	450
5	3	19	896	498
5	3	20	817	1079
5	3	21	849	1270
5	3	22	903	1452
5	3	23	856	1528
5	3	24	810	1490
5	3	25	390	1443
5	3	26	409	1493
5	3	27	410	1362
5	3	28	437	1286
5	3	29	413	1201
5	3	30	264	931
5	3	31	314	692
5	3	32	288	506
5	3	33	285	503
5	3	34	232	487
5	3	35	188	384
5	3	36	194	355
5	3	37	194	347
5	3	38	218	306
5	3	39	180	272
5	3	40	103	237
5	3	41	124	239
5	3	42	100	245
5	3	43	101	243
5	3	44	108	223
5	3	45	70	190
5	3	46	76	157
5	3	47	68	147
5	3	48	63	136
5	3	49	71	114
5	3	50	35	122
5	3	51	49	101
5	3	52	49	96
5	3	53	47	117
5	3	54	34	92
5	3	55	20	86
5	3	56	33	90
5	3	57	26	78
5	3	58	25	52
5	3	59	22	84
5	3	60	11	75
5	3	61	21	65
5	3	62	14	84
5	3	63	9	78
5	3	64	18	49
5	3	65	11	114
5	3	66	20	80
5	3	67	19	51
5	3	68	5	69
5	3	69	11	57
5	3	70	7	63
5	3	71	10	69
5	3	72	5	56
5	3	73	7	45
5	3	74	6	57
5	3	75	7	47
5	3	76	7	52
5	3	77	2	53
5	3	78	7	46
5	3	79	3	50
5	3	80	4	47
5	3	81	3	62
5	3	82	4	56
5	3	83	4	47
5	3	84	1	50
5	3	85	0	44
5	3	86	0	41
5	3	87	1	37
5	3	88	1	32
5	3	89	1	34
5	3	90	2	66
5	3	91	0	9
5	3	92	0	9
5	3	93	0	4
5	3	94	0	5
5	3	95	0	8
5	3	96	0	7
5	3	97	0	7
5	3	98	0	3
5	3	99	0	1
5	3	100	25	1
5	4	0	100	0
5	4	1	137	174
5	4	2	135	120
5	4	3	140	91
5	4	4	140	102
5	4	5	57	83
5	4	6	111	100
5	4	7	76	100
5	4	8	92	97
5	4	9	89	67
5	4	10	115	54
5	4	11	104	65
5	4	12	106	51
5	4	13	87	43
5	4	14	103	32
5	4	15	335	64
5	4	16	248	122
5	4	17	280	147
5	4	18	302	238
5	4	19	286	264
5	4	20	1288	518
5	4	21	1355	757
5	4	22	1331	950
5	4	23	1319	1019
5	4	24	1193	1106
5	4	25	2633	1300
5	4	26	2825	1503
5	4	27	2783	1619
5	4	28	2715	1658
5	4	29	2819	1652
5	4	30	3100	1610
5	4	31	3250	1456
5	4	32	3172	1441
5	4	33	3111	1391
5	4	34	3021	1373
5	4	35	1904	1288
5	4	36	1939	1153
5	4	37	1849	1017
5	4	38	1879	955
5	4	39	1891	965
5	4	40	679	838
5	4	41	724	769
5	4	42	675	582
5	4	43	679	549
5	4	44	695	518
5	4	45	204	382
5	4	46	190	337
5	4	47	207	292
5	4	48	200	248
5	4	49	185	210
5	4	50	116	210
5	4	51	98	164
5	4	52	108	149
5	4	53	89	186
5	4	54	98	170
5	4	55	84	122
5	4	56	80	141
5	4	57	79	112
5	4	58	95	112
5	4	59	77	147
5	4	60	38	143
5	4	61	31	172
5	4	62	27	172
5	4	63	32	208
5	4	64	42	136
5	4	65	46	176
5	4	66	45	163
5	4	67	85	159
5	4	68	45	153
5	4	69	45	176
5	4	70	30	156
5	4	71	30	163
5	4	72	35	147
5	4	73	43	125
5	4	74	28	182
5	4	75	20	189
5	4	76	17	206
5	4	77	16	217
5	4	78	14	227
5	4	79	15	222
5	4	80	4	191
5	4	81	17	197
5	4	82	9	191
5	4	83	9	188
5	4	84	8	210
5	4	85	9	212
5	4	86	1	185
5	4	87	4	136
5	4	88	6	128
5	4	89	3	155
5	4	90	3	212
5	4	91	0	111
5	4	92	0	77
5	4	93	0	78
5	4	94	0	56
5	4	95	0	52
5	4	96	0	37
5	4	97	0	34
5	4	98	0	23
5	4	99	0	12
5	4	100	64	9
5	5	0	79	0
5	5	1	89	139
5	5	2	86	86
5	5	3	90	52
5	5	4	104	68
5	5	5	87	70
5	5	6	90	63
5	5	7	103	78
5	5	8	92	73
5	5	9	82	64
5	5	10	139	50
5	5	11	109	55
5	5	12	107	49
5	5	13	136	40
5	5	14	142	51
5	5	15	384	87
5	5	16	283	122
5	5	17	285	155
5	5	18	316	215
5	5	19	320	262
5	5	20	515	527
5	5	21	484	634
5	5	22	502	658
5	5	23	532	736
5	5	24	486	728
5	5	25	504	867
5	5	26	507	975
5	5	27	541	1078
5	5	28	536	1030
5	5	29	485	984
5	5	30	318	860
5	5	31	313	756
5	5	32	323	728
5	5	33	283	637
5	5	34	274	596
5	5	35	146	529
5	5	36	151	453
5	5	37	150	385
5	5	38	134	326
5	5	39	156	318
5	5	40	76	218
5	5	41	87	207
5	5	42	85	226
5	5	43	70	192
5	5	44	85	198
5	5	45	60	161
5	5	46	63	127
5	5	47	39	128
5	5	48	64	112
5	5	49	71	105
5	5	50	36	105
5	5	51	47	94
5	5	52	44	92
5	5	53	32	107
5	5	54	46	80
5	5	55	21	78
5	5	56	27	70
5	5	57	32	72
5	5	58	24	78
5	5	59	25	98
5	5	60	14	86
5	5	61	19	105
5	5	62	14	99
5	5	63	16	120
5	5	64	24	69
5	5	65	22	96
5	5	66	26	101
5	5	67	29	59
5	5	68	23	70
5	5	69	19	74
5	5	70	10	78
5	5	71	14	87
5	5	72	12	72
5	5	73	11	91
5	5	74	13	83
5	5	75	14	110
5	5	76	7	107
5	5	77	12	101
5	5	78	12	113
5	5	79	9	129
5	5	80	2	142
5	5	81	7	127
5	5	82	4	105
5	5	83	6	106
5	5	84	8	94
5	5	85	2	111
5	5	86	1	84
5	5	87	2	82
5	5	88	3	55
5	5	89	3	48
5	5	90	2	101
5	5	91	0	33
5	5	92	0	20
5	5	93	0	14
5	5	94	0	17
5	5	95	0	15
5	5	96	0	15
5	5	97	0	14
5	5	98	0	8
5	5	99	0	7
5	5	100	42	3
6	0	0	0	0
6	0	1	4023	3552
6	0	2	1941	2175
6	0	3	1782	1352
6	0	4	1898	926
6	0	5	1301	681
6	0	6	711	1138
6	0	7	665	1144
6	0	8	726	964
6	0	9	785	745
6	0	10	1031	502
6	0	11	1077	398
6	0	12	1095	351
6	0	13	1164	343
6	0	14	1113	330
6	0	15	2779	457
6	0	16	3513	506
6	0	17	4450	735
6	0	18	6279	1266
6	0	19	9785	2098
6	0	20	11641	5548
6	0	21	14104	7864
6	0	22	16387	9305
6	0	23	15669	8757
6	0	24	15251	9080
6	0	25	14234	10244
6	0	26	13401	9864
6	0	27	12467	8819
6	0	28	12255	7367
6	0	29	11295	6278
6	0	30	8061	6161
6	0	31	7580	5097
6	0	32	6730	4446
6	0	33	5614	4601
6	0	34	5507	4203
6	0	35	4712	4308
6	0	36	4350	4082
6	0	37	4045	3909
6	0	38	3910	3618
6	0	39	3367	3451
6	0	40	2429	2898
6	0	41	1936	3213
6	0	42	1840	3088
6	0	43	1658	3234
6	0	44	1412	3298
6	0	45	1781	2888
6	0	46	1682	2577
6	0	47	1710	2556
6	0	48	1551	2691
6	0	49	1559	2651
6	0	50	1849	2915
6	0	51	1913	2768
6	0	52	1934	3012
6	0	53	1698	3197
6	0	54	1784	3494
6	0	55	1242	3341
6	0	56	1165	3558
6	0	57	1101	3428
6	0	58	1097	3364
6	0	59	877	3651
6	0	60	811	3702
6	0	61	771	4092
6	0	62	732	4315
6	0	63	529	4809
6	0	64	1405	4180
6	0	65	802	5404
6	0	66	594	5788
6	0	67	1025	5932
6	0	68	653	7092
6	0	69	672	9274
6	0	70	442	10556
6	0	71	505	8273
6	0	72	527	8839
6	0	73	507	8643
6	0	74	458	8887
6	0	75	368	8850
6	0	76	374	9304
6	0	77	332	10502
6	0	78	323	11371
6	0	79	318	12048
6	0	80	224	13030
6	0	81	253	13329
6	0	82	202	13522
6	0	83	189	13452
6	0	84	155	14403
6	0	85	203	14877
6	0	86	159	15341
6	0	87	209	15236
6	0	88	215	14940
6	0	89	169	14279
6	0	90	402	15679
6	0	91	0	13024
6	0	92	0	12589
6	0	93	0	12012
6	0	94	0	10723
6	0	95	0	10185
6	0	96	0	8979
6	0	97	0	6850
6	0	98	0	4009
6	0	99	0	2936
6	0	100	0	2618
6	1	0	22	0
6	1	1	29	69
6	1	2	30	46
6	1	3	33	17
6	1	4	33	15
6	1	5	26	3
6	1	6	18	18
6	1	7	29	21
6	1	8	22	20
6	1	9	33	10
6	1	10	42	2
6	1	11	57	9
6	1	12	46	10
6	1	13	44	13
6	1	14	34	11
6	1	15	136	14
6	1	16	133	21
6	1	17	136	23
6	1	18	135	34
6	1	19	136	62
6	1	20	168	118
6	1	21	186	197
6	1	22	152	183
6	1	23	132	187
6	1	24	118	225
6	1	25	102	248
6	1	26	95	300
6	1	27	104	255
6	1	28	118	306
6	1	29	107	288
6	1	30	60	254
6	1	31	75	261
6	1	32	66	231
6	1	33	58	205
6	1	34	60	170
6	1	35	41	185
6	1	36	51	168
6	1	37	51	142
6	1	38	38	123
6	1	39	43	111
6	1	40	16	89
6	1	41	24	104
6	1	42	25	72
6	1	43	29	83
6	1	44	24	76
6	1	45	14	54
6	1	46	12	63
6	1	47	12	54
6	1	48	16	46
6	1	49	17	48
6	1	50	10	31
6	1	51	10	33
6	1	52	12	32
6	1	53	3	41
6	1	54	8	41
6	1	55	5	25
6	1	56	12	43
6	1	57	5	40
6	1	58	8	35
6	1	59	5	29
6	1	60	2	25
6	1	61	3	33
6	1	62	11	24
6	1	63	2	28
6	1	64	6	26
6	1	65	4	33
6	1	66	3	32
6	1	67	8	17
6	1	68	7	31
6	1	69	8	22
6	1	70	0	35
6	1	71	1	26
6	1	72	4	24
6	1	73	2	31
6	1	74	3	33
6	1	75	0	23
6	1	76	2	37
6	1	77	3	41
6	1	78	1	42
6	1	79	2	56
6	1	80	2	39
6	1	81	1	57
6	1	82	0	32
6	1	83	0	31
6	1	84	0	37
6	1	85	1	32
6	1	86	1	36
6	1	87	1	28
6	1	88	0	17
6	1	89	0	14
6	1	90	1	23
6	1	91	0	4
6	1	92	0	4
6	1	93	0	2
6	1	94	0	2
6	1	95	0	1
6	1	96	0	4
6	1	97	0	2
6	1	98	0	1
6	1	99	0	0
6	1	100	11	0
6	2	0	169	0
6	2	1	184	134
6	2	2	182	76
6	2	3	260	73
6	2	4	206	81
6	2	5	186	88
6	2	6	225	111
6	2	7	217	130
6	2	8	233	115
6	2	9	225	122
6	2	10	383	91
6	2	11	376	103
6	2	12	360	125
6	2	13	372	135
6	2	14	335	131
6	2	15	578	142
6	2	16	438	188
6	2	17	416	244
6	2	18	452	267
6	2	19	483	346
6	2	20	643	441
6	2	21	664	526
6	2	22	687	603
6	2	23	677	589
6	2	24	642	625
6	2	25	692	664
6	2	26	729	710
6	2	27	757	724
6	2	28	787	655
6	2	29	752	614
6	2	30	559	609
6	2	31	566	557
6	2	32	571	532
6	2	33	572	539
6	2	34	548	511
6	2	35	386	501
6	2	36	346	441
6	2	37	409	394
6	2	38	370	401
6	2	39	321	361
6	2	40	195	314
6	2	41	275	274
6	2	42	236	287
6	2	43	238	285
6	2	44	243	251
6	2	45	176	192
6	2	46	166	185
6	2	47	171	181
6	2	48	176	166
6	2	49	168	162
6	2	50	102	163
6	2	51	124	131
6	2	52	114	147
6	2	53	90	146
6	2	54	118	144
6	2	55	74	99
6	2	56	88	101
6	2	57	60	106
6	2	58	74	79
6	2	59	61	85
6	2	60	49	82
6	2	61	42	83
6	2	62	44	89
6	2	63	42	82
6	2	64	41	59
6	2	65	42	72
6	2	66	36	67
6	2	67	44	66
6	2	68	40	64
6	2	69	35	80
6	2	70	11	65
6	2	71	28	61
6	2	72	11	67
6	2	73	15	49
6	2	74	11	50
6	2	75	10	43
6	2	76	10	51
6	2	77	7	67
6	2	78	12	69
6	2	79	8	58
6	2	80	4	43
6	2	81	9	49
6	2	82	6	41
6	2	83	6	42
6	2	84	6	46
6	2	85	2	38
6	2	86	1	41
6	2	87	0	24
6	2	88	2	23
6	2	89	3	18
6	2	90	3	40
6	2	91	0	5
6	2	92	0	5
6	2	93	0	3
6	2	94	0	3
6	2	95	0	3
6	2	96	0	5
6	2	97	0	5
6	2	98	0	1
6	2	99	0	3
6	2	100	76	1
6	3	0	52	0
6	3	1	60	190
6	3	2	69	112
6	3	3	75	83
6	3	4	62	66
6	3	5	61	55
6	3	6	74	72
6	3	7	71	78
6	3	8	57	69
6	3	9	66	61
6	3	10	326	41
6	3	11	344	59
6	3	12	327	73
6	3	13	349	98
6	3	14	355	113
6	3	15	1375	113
6	3	16	1293	182
6	3	17	1331	279
6	3	18	1431	418
6	3	19	1414	441
6	3	20	1143	490
6	3	21	1169	766
6	3	22	1255	882
6	3	23	1169	958
6	3	24	1223	1005
6	3	25	415	990
6	3	26	470	986
6	3	27	495	960
6	3	28	452	935
6	3	29	460	895
6	3	30	282	783
6	3	31	314	589
6	3	32	276	501
6	3	33	283	426
6	3	34	262	389
6	3	35	152	388
6	3	36	197	352
6	3	37	213	322
6	3	38	177	298
6	3	39	182	286
6	3	40	114	232
6	3	41	109	234
6	3	42	95	239
6	3	43	108	207
6	3	44	105	210
6	3	45	97	203
6	3	46	82	161
6	3	47	71	138
6	3	48	77	107
6	3	49	72	97
6	3	50	34	104
6	3	51	37	106
6	3	52	50	102
6	3	53	44	107
6	3	54	45	84
6	3	55	27	63
6	3	56	29	76
6	3	57	27	78
6	3	58	28	55
6	3	59	18	92
6	3	60	10	75
6	3	61	23	63
6	3	62	7	58
6	3	63	13	97
6	3	64	13	46
6	3	65	12	105
6	3	66	9	77
6	3	67	15	55
6	3	68	10	50
6	3	69	10	69
6	3	70	3	63
6	3	71	6	73
6	3	72	5	52
6	3	73	9	42
6	3	74	10	47
6	3	75	6	52
6	3	76	6	53
6	3	77	5	59
6	3	78	2	60
6	3	79	6	52
6	3	80	2	54
6	3	81	1	51
6	3	82	4	49
6	3	83	4	36
6	3	84	1	48
6	3	85	1	40
6	3	86	2	41
6	3	87	0	30
6	3	88	3	37
6	3	89	0	25
6	3	90	0	83
6	3	91	0	7
6	3	92	0	9
6	3	93	0	3
6	3	94	0	10
6	3	95	0	7
6	3	96	0	12
6	3	97	0	5
6	3	98	0	6
6	3	99	0	7
6	3	100	15	4
6	4	0	93	0
6	4	1	140	168
6	4	2	141	98
6	4	3	131	77
6	4	4	145	82
6	4	5	102	96
6	4	6	87	120
6	4	7	82	131
6	4	8	92	123
6	4	9	83	83
6	4	10	112	75
6	4	11	95	46
6	4	12	120	59
6	4	13	97	59
6	4	14	108	40
6	4	15	409	56
6	4	16	328	57
6	4	17	317	117
6	4	18	353	185
6	4	19	376	239
6	4	20	1376	341
6	4	21	1342	510
6	4	22	1305	659
6	4	23	1287	673
6	4	24	1332	796
6	4	25	2586	901
6	4	26	2794	1138
6	4	27	2720	1237
6	4	28	2647	1327
6	4	29	2582	1258
6	4	30	2862	1295
6	4	31	2789	1235
6	4	32	2856	1316
6	4	33	2947	1206
6	4	34	2852	1221
6	4	35	1804	1215
6	4	36	1825	1132
6	4	37	1805	996
6	4	38	1771	906
6	4	39	1731	830
6	4	40	616	808
6	4	41	642	708
6	4	42	606	585
6	4	43	630	538
6	4	44	608	445
6	4	45	217	426
6	4	46	170	291
6	4	47	181	244
6	4	48	200	193
6	4	49	197	189
6	4	50	71	160
6	4	51	107	147
6	4	52	105	133
6	4	53	99	148
6	4	54	90	167
6	4	55	74	121
6	4	56	88	148
6	4	57	74	128
6	4	58	89	131
6	4	59	82	142
6	4	60	34	150
6	4	61	34	171
6	4	62	24	158
6	4	63	15	188
6	4	64	22	139
6	4	65	42	190
6	4	66	45	163
6	4	67	61	161
6	4	68	43	159
6	4	69	49	175
6	4	70	18	194
6	4	71	34	172
6	4	72	38	152
6	4	73	43	164
6	4	74	29	170
6	4	75	12	156
6	4	76	24	205
6	4	77	14	177
6	4	78	11	231
6	4	79	21	202
6	4	80	5	224
6	4	81	20	227
6	4	82	17	200
6	4	83	9	201
6	4	84	4	211
6	4	85	10	211
6	4	86	2	186
6	4	87	6	195
6	4	88	0	161
6	4	89	2	148
6	4	90	2	215
6	4	91	0	102
6	4	92	0	85
6	4	93	0	63
6	4	94	0	58
6	4	95	0	58
6	4	96	0	47
6	4	97	0	38
6	4	98	0	25
6	4	99	0	25
6	4	100	76	15
6	5	0	88	0
6	5	1	106	159
6	5	2	91	74
6	5	3	108	58
6	5	4	116	61
6	5	5	100	60
6	5	6	102	87
6	5	7	108	80
6	5	8	113	64
6	5	9	94	58
6	5	10	144	47
6	5	11	134	53
6	5	12	135	44
6	5	13	158	62
6	5	14	122	50
6	5	15	451	50
6	5	16	433	74
6	5	17	396	117
6	5	18	380	169
6	5	19	408	232
6	5	20	600	368
6	5	21	635	452
6	5	22	625	490
6	5	23	612	490
6	5	24	601	575
6	5	25	591	616
6	5	26	611	658
6	5	27	556	695
6	5	28	593	700
6	5	29	587	677
6	5	30	343	687
6	5	31	328	580
6	5	32	320	574
6	5	33	331	475
6	5	34	348	463
6	5	35	147	465
6	5	36	155	405
6	5	37	168	324
6	5	38	144	302
6	5	39	129	287
6	5	40	81	220
6	5	41	91	211
6	5	42	88	186
6	5	43	98	223
6	5	44	103	174
6	5	45	62	149
6	5	46	66	140
6	5	47	61	132
6	5	48	56	141
6	5	49	55	97
6	5	50	35	91
6	5	51	49	114
6	5	52	40	102
6	5	53	40	96
6	5	54	39	88
6	5	55	19	72
6	5	56	29	78
6	5	57	29	76
6	5	58	21	90
6	5	59	21	87
6	5	60	22	107
6	5	61	24	82
6	5	62	22	102
6	5	63	15	104
6	5	64	33	81
6	5	65	25	100
6	5	66	25	112
6	5	67	36	86
6	5	68	23	90
6	5	69	18	66
6	5	70	15	98
6	5	71	10	77
6	5	72	11	72
6	5	73	22	75
6	5	74	11	80
6	5	75	14	70
6	5	76	8	105
6	5	77	8	102
6	5	78	9	121
6	5	79	5	96
6	5	80	5	132
6	5	81	2	121
6	5	82	6	121
6	5	83	4	113
6	5	84	7	112
6	5	85	3	107
6	5	86	0	77
6	5	87	3	109
6	5	88	1	70
6	5	89	0	63
6	5	90	1	100
6	5	91	0	23
6	5	92	0	27
6	5	93	0	24
6	5	94	0	19
6	5	95	0	8
6	5	96	0	17
6	5	97	0	7
6	5	98	0	6
6	5	99	0	4
6	5	100	38	4
7	0	0	0	0
7	0	1	3876	3446
7	0	2	1892	2078
7	0	3	1712	1342
7	0	4	1793	931
7	0	5	1265	653
7	0	6	744	1102
7	0	7	705	1194
7	0	8	730	907
7	0	9	770	781
7	0	10	1080	438
7	0	11	1053	429
7	0	12	1133	384
7	0	13	1153	341
7	0	14	1179	325
7	0	15	2814	449
7	0	16	3534	542
7	0	17	4468	714
7	0	18	6158	1276
7	0	19	9497	2237
7	0	20	11490	5669
7	0	21	14227	7516
7	0	22	16588	9243
7	0	23	15700	8845
7	0	24	15190	8991
7	0	25	14153	10301
7	0	26	13246	9715
7	0	27	12348	8914
7	0	28	12446	7292
7	0	29	11463	6073
7	0	30	7984	6040
7	0	31	7167	4991
7	0	32	6757	4492
7	0	33	5624	4553
7	0	34	5378	4131
7	0	35	4668	4352
7	0	36	4272	4242
7	0	37	4063	3972
7	0	38	3861	3792
7	0	39	3372	3536
7	0	40	2376	2815
7	0	41	1972	3202
7	0	42	1810	3068
7	0	43	1666	3118
7	0	44	1319	3131
7	0	45	1753	2847
7	0	46	1627	2710
7	0	47	1648	2531
7	0	48	1565	2699
7	0	49	1545	2531
7	0	50	1793	2715
7	0	51	1926	2670
7	0	52	1893	2941
7	0	53	1704	3249
7	0	54	1744	3598
7	0	55	1202	3285
7	0	56	1135	3511
7	0	57	1058	3493
7	0	58	1114	3289
7	0	59	875	3648
7	0	60	882	3832
7	0	61	750	4094
7	0	62	719	4377
7	0	63	531	4706
7	0	64	1336	4197
7	0	65	725	5380
7	0	66	610	5671
7	0	67	1015	5680
7	0	68	694	6802
7	0	69	712	8290
7	0	70	433	10431
7	0	71	478	10238
7	0	72	507	7952
7	0	73	518	9111
7	0	74	469	9184
7	0	75	337	9639
7	0	76	373	9255
7	0	77	291	9609
7	0	78	308	11063
7	0	79	298	11572
7	0	80	238	13024
7	0	81	242	13188
7	0	82	212	13511
7	0	83	198	13580
7	0	84	184	13741
7	0	85	202	14309
7	0	86	160	14833
7	0	87	200	15314
7	0	88	203	15078
7	0	89	131	14534
7	0	90	337	15335
7	0	91	0	12880
7	0	92	0	12753
7	0	93	0	12346
7	0	94	0	11204
7	0	95	0	9852
7	0	96	0	8685
7	0	97	0	7886
7	0	98	0	5643
7	0	99	0	3267
7	0	100	0	2372
7	1	0	24	0
7	1	1	30	60
7	1	2	20	39
7	1	3	17	16
7	1	4	38	12
7	1	5	19	7
7	1	6	28	10
7	1	7	26	12
7	1	8	23	14
7	1	9	25	19
7	1	10	39	8
7	1	11	44	10
7	1	12	34	13
7	1	13	51	9
7	1	14	50	10
7	1	15	134	14
7	1	16	157	13
7	1	17	134	26
7	1	18	136	37
7	1	19	140	50
7	1	20	151	123
7	1	21	157	134
7	1	22	165	183
7	1	23	152	144
7	1	24	156	153
7	1	25	104	184
7	1	26	120	180
7	1	27	127	212
7	1	28	135	233
7	1	29	114	182
7	1	30	62	179
7	1	31	61	174
7	1	32	80	181
7	1	33	63	135
7	1	34	61	134
7	1	35	39	160
7	1	36	52	148
7	1	37	42	128
7	1	38	52	103
7	1	39	38	115
7	1	40	23	71
7	1	41	30	80
7	1	42	32	78
7	1	43	24	70
7	1	44	13	76
7	1	45	15	67
7	1	46	11	65
7	1	47	10	51
7	1	48	14	49
7	1	49	12	53
7	1	50	11	46
7	1	51	14	30
7	1	52	7	38
7	1	53	6	34
7	1	54	6	40
7	1	55	4	34
7	1	56	3	31
7	1	57	9	23
7	1	58	7	19
7	1	59	3	29
7	1	60	6	25
7	1	61	3	37
7	1	62	4	29
7	1	63	2	42
7	1	64	1	16
7	1	65	5	43
7	1	66	10	29
7	1	67	8	21
7	1	68	7	21
7	1	69	9	23
7	1	70	1	23
7	1	71	2	23
7	1	72	1	20
7	1	73	1	25
7	1	74	0	25
7	1	75	1	32
7	1	76	1	25
7	1	77	3	41
7	1	78	3	49
7	1	79	2	54
7	1	80	3	44
7	1	81	1	56
7	1	82	0	38
7	1	83	1	32
7	1	84	1	24
7	1	85	0	29
7	1	86	0	38
7	1	87	0	32
7	1	88	0	32
7	1	89	0	17
7	1	90	0	39
7	1	91	0	8
7	1	92	0	2
7	1	93	0	2
7	1	94	0	2
7	1	95	0	0
7	1	96	0	1
7	1	97	0	0
7	1	98	0	2
7	1	99	0	0
7	1	100	11	1
7	2	0	201	0
7	2	1	241	150
7	2	2	215	77
7	2	3	216	71
7	2	4	214	87
7	2	5	236	102
7	2	6	229	128
7	2	7	249	133
7	2	8	256	143
7	2	9	249	130
7	2	10	389	139
7	2	11	425	128
7	2	12	390	142
7	2	13	388	162
7	2	14	372	163
7	2	15	643	187
7	2	16	573	184
7	2	17	516	186
7	2	18	614	277
7	2	19	581	315
7	2	20	846	412
7	2	21	800	511
7	2	22	775	609
7	2	23	809	599
7	2	24	787	573
7	2	25	835	641
7	2	26	863	680
7	2	27	894	687
7	2	28	906	576
7	2	29	897	553
7	2	30	684	599
7	2	31	674	520
7	2	32	658	467
7	2	33	674	491
7	2	34	673	502
7	2	35	476	470
7	2	36	484	408
7	2	37	455	387
7	2	38	428	388
7	2	39	427	347
7	2	40	265	309
7	2	41	298	280
7	2	42	286	265
7	2	43	294	255
7	2	44	317	233
7	2	45	194	225
7	2	46	188	179
7	2	47	177	169
7	2	48	194	150
7	2	49	180	171
7	2	50	123	163
7	2	51	130	139
7	2	52	115	130
7	2	53	116	152
7	2	54	124	135
7	2	55	62	122
7	2	56	91	107
7	2	57	87	106
7	2	58	88	99
7	2	59	60	101
7	2	60	42	71
7	2	61	45	85
7	2	62	49	65
7	2	63	40	79
7	2	64	52	53
7	2	65	41	90
7	2	66	35	53
7	2	67	41	62
7	2	68	41	72
7	2	69	48	72
7	2	70	11	74
7	2	71	18	59
7	2	72	22	66
7	2	73	30	63
7	2	74	19	61
7	2	75	16	45
7	2	76	14	51
7	2	77	6	53
7	2	78	11	54
7	2	79	8	70
7	2	80	4	51
7	2	81	4	52
7	2	82	4	57
7	2	83	4	48
7	2	84	3	38
7	2	85	4	38
7	2	86	3	35
7	2	87	0	33
7	2	88	1	36
7	2	89	1	28
7	2	90	2	46
7	2	91	0	14
7	2	92	0	8
7	2	93	0	4
7	2	94	0	3
7	2	95	0	3
7	2	96	0	3
7	2	97	0	8
7	2	98	0	1
7	2	99	0	1
7	2	100	108	0
7	3	0	39	0
7	3	1	59	228
7	3	2	47	117
7	3	3	59	106
7	3	4	46	77
7	3	5	71	70
7	3	6	44	80
7	3	7	63	74
7	3	8	55	74
7	3	9	62	65
7	3	10	376	85
7	3	11	369	87
7	3	12	366	100
7	3	13	374	141
7	3	14	372	161
7	3	15	1550	152
7	3	16	1489	130
7	3	17	1568	286
7	3	18	1630	469
7	3	19	1628	545
7	3	20	1264	596
7	3	21	1322	638
7	3	22	1376	682
7	3	23	1366	673
7	3	24	1245	695
7	3	25	491	704
7	3	26	526	785
7	3	27	536	762
7	3	28	556	712
7	3	29	513	609
7	3	30	345	646
7	3	31	312	554
7	3	32	337	418
7	3	33	291	389
7	3	34	313	364
7	3	35	206	356
7	3	36	193	338
7	3	37	208	302
7	3	38	200	295
7	3	39	192	275
7	3	40	118	258
7	3	41	133	231
7	3	42	119	252
7	3	43	119	201
7	3	44	132	234
7	3	45	93	180
7	3	46	60	171
7	3	47	92	159
7	3	48	79	126
7	3	49	82	102
7	3	50	29	134
7	3	51	40	105
7	3	52	42	116
7	3	53	48	111
7	3	54	44	108
7	3	55	26	67
7	3	56	40	90
7	3	57	26	64
7	3	58	29	49
7	3	59	16	81
7	3	60	17	85
7	3	61	21	75
7	3	62	11	74
7	3	63	7	88
7	3	64	24	49
7	3	65	7	80
7	3	66	8	73
7	3	67	13	59
7	3	68	7	67
7	3	69	11	57
7	3	70	7	74
7	3	71	13	66
7	3	72	11	65
7	3	73	6	45
7	3	74	7	48
7	3	75	8	57
7	3	76	5	37
7	3	77	6	42
7	3	78	2	63
7	3	79	5	50
7	3	80	2	57
7	3	81	2	47
7	3	82	1	36
7	3	83	2	59
7	3	84	1	61
7	3	85	4	41
7	3	86	0	41
7	3	87	0	38
7	3	88	0	37
7	3	89	0	27
7	3	90	0	75
7	3	91	0	5
7	3	92	0	6
7	3	93	0	7
7	3	94	0	6
7	3	95	0	2
7	3	96	0	7
7	3	97	0	5
7	3	98	0	12
7	3	99	0	1
7	3	100	20	3
7	4	0	101	0
7	4	1	149	176
7	4	2	143	105
7	4	3	144	70
7	4	4	157	59
7	4	5	79	65
7	4	6	98	103
7	4	7	113	104
7	4	8	105	118
7	4	9	91	97
7	4	10	117	71
7	4	11	114	62
7	4	12	102	41
7	4	13	126	52
7	4	14	112	60
7	4	15	536	43
7	4	16	372	71
7	4	17	375	89
7	4	18	431	164
7	4	19	438	210
7	4	20	1463	344
7	4	21	1569	467
7	4	22	1590	560
7	4	23	1524	647
7	4	24	1530	685
7	4	25	2906	809
7	4	26	3055	902
7	4	27	2876	1077
7	4	28	2903	1167
7	4	29	2891	1138
7	4	30	3181	1189
7	4	31	3207	1210
7	4	32	3261	1261
7	4	33	3141	1221
7	4	34	3095	1254
7	4	35	1929	1262
7	4	36	1951	1264
7	4	37	1939	1025
7	4	38	1960	927
7	4	39	1879	870
7	4	40	640	813
7	4	41	685	717
7	4	42	699	570
7	4	43	643	517
7	4	44	687	498
7	4	45	186	412
7	4	46	193	325
7	4	47	215	247
7	4	48	217	203
7	4	49	217	201
7	4	50	91	173
7	4	51	114	154
7	4	52	110	148
7	4	53	112	176
7	4	54	109	172
7	4	55	106	140
7	4	56	92	137
7	4	57	94	106
7	4	58	79	120
7	4	59	78	140
7	4	60	40	134
7	4	61	31	178
7	4	62	26	179
7	4	63	27	150
7	4	64	34	126
7	4	65	42	191
7	4	66	57	171
7	4	67	63	155
7	4	68	49	179
7	4	69	59	176
7	4	70	28	222
7	4	71	33	169
7	4	72	36	158
7	4	73	29	152
7	4	74	23	183
7	4	75	23	191
7	4	76	17	182
7	4	77	18	191
7	4	78	16	191
7	4	79	7	223
7	4	80	8	217
7	4	81	14	230
7	4	82	9	209
7	4	83	14	238
7	4	84	6	234
7	4	85	4	201
7	4	86	2	193
7	4	87	3	198
7	4	88	3	174
7	4	89	2	141
7	4	90	5	220
7	4	91	1	92
7	4	92	0	88
7	4	93	0	84
7	4	94	0	76
7	4	95	0	54
7	4	96	0	40
7	4	97	0	37
7	4	98	0	27
7	4	99	0	18
7	4	100	73	12
7	5	0	93	0
7	5	1	108	168
7	5	2	116	76
7	5	3	118	52
7	5	4	122	64
7	5	5	86	53
7	5	6	111	64
7	5	7	89	94
7	5	8	96	79
7	5	9	90	68
7	5	10	150	48
7	5	11	160	55
7	5	12	147	56
7	5	13	148	56
7	5	14	149	85
7	5	15	480	61
7	5	16	349	92
7	5	17	330	81
7	5	18	393	168
7	5	19	429	213
7	5	20	573	357
7	5	21	667	435
7	5	22	615	438
7	5	23	628	453
7	5	24	632	475
7	5	25	633	442
7	5	26	644	571
7	5	27	634	583
7	5	28	662	576
7	5	29	563	555
7	5	30	384	561
7	5	31	351	549
7	5	32	375	513
7	5	33	346	465
7	5	34	343	441
7	5	35	179	407
7	5	36	170	333
7	5	37	157	363
7	5	38	149	296
7	5	39	152	265
7	5	40	66	209
7	5	41	102	219
7	5	42	106	203
7	5	43	88	178
7	5	44	101	180
7	5	45	59	168
7	5	46	56	142
7	5	47	48	122
7	5	48	58	118
7	5	49	53	103
7	5	50	41	113
7	5	51	48	100
7	5	52	40	106
7	5	53	38	109
7	5	54	34	84
7	5	55	36	85
7	5	56	34	84
7	5	57	36	66
7	5	58	28	85
7	5	59	26	100
7	5	60	21	91
7	5	61	22	119
7	5	62	18	101
7	5	63	12	115
7	5	64	28	86
7	5	65	16	117
7	5	66	19	102
7	5	67	29	71
7	5	68	22	91
7	5	69	24	72
7	5	70	13	98
7	5	71	10	85
7	5	72	16	86
7	5	73	18	75
7	5	74	19	80
7	5	75	11	83
7	5	76	17	92
7	5	77	10	98
7	5	78	8	138
7	5	79	6	125
7	5	80	4	105
7	5	81	9	135
7	5	82	3	130
7	5	83	3	124
7	5	84	5	120
7	5	85	5	96
7	5	86	0	100
7	5	87	1	88
7	5	88	3	89
7	5	89	1	67
7	5	90	2	98
7	5	91	0	31
7	5	92	0	17
7	5	93	0	18
7	5	94	0	15
7	5	95	0	9
7	5	96	0	14
7	5	97	0	14
7	5	98	0	9
7	5	99	0	3
7	5	100	50	4
8	0	0	0	0
8	0	1	3922	3597
8	0	2	1775	2121
8	0	3	1663	1441
8	0	4	1716	906
8	0	5	1247	610
8	0	6	752	1128
8	0	7	611	1151
8	0	8	655	918
8	0	9	714	748
8	0	10	918	474
8	0	11	1049	450
8	0	12	1021	372
8	0	13	1128	355
8	0	14	1091	336
8	0	15	2657	407
8	0	16	3354	515
8	0	17	4088	731
8	0	18	5885	1284
8	0	19	9306	2337
8	0	20	11208	5718
8	0	21	13567	7888
8	0	22	15787	9099
8	0	23	15041	8753
8	0	24	14548	9226
8	0	25	13512	10149
8	0	26	12923	9950
8	0	27	11921	8971
8	0	28	11807	7560
8	0	29	10860	6241
8	0	30	7731	5918
8	0	31	6924	5024
8	0	32	6245	4454
8	0	33	5476	4572
8	0	34	5220	4218
8	0	35	4485	4378
8	0	36	4185	4063
8	0	37	3952	4023
8	0	38	3637	3736
8	0	39	3269	3480
8	0	40	2386	2945
8	0	41	1868	3040
8	0	42	1782	2997
8	0	43	1585	3059
8	0	44	1364	3187
8	0	45	1738	2805
8	0	46	1580	2683
8	0	47	1559	2589
8	0	48	1472	2699
8	0	49	1510	2510
8	0	50	1806	2752
8	0	51	1767	2750
8	0	52	1819	2941
8	0	53	1581	3147
8	0	54	1715	3466
8	0	55	1176	3197
8	0	56	1108	3515
8	0	57	1068	3585
8	0	58	1069	3448
8	0	59	812	3631
8	0	60	905	3782
8	0	61	753	4147
8	0	62	685	4487
8	0	63	515	4696
8	0	64	1336	4056
8	0	65	738	5456
8	0	66	568	5525
8	0	67	1050	5443
8	0	68	618	6500
8	0	69	650	7961
8	0	70	417	9085
8	0	71	508	10060
8	0	72	482	10386
8	0	73	506	8247
8	0	74	470	9736
8	0	75	332	10025
8	0	76	379	10272
8	0	77	305	9728
8	0	78	272	10317
8	0	79	302	11360
8	0	80	219	12967
8	0	81	223	13490
8	0	82	209	13624
8	0	83	196	13597
8	0	84	179	13958
8	0	85	205	14209
8	0	86	172	14450
8	0	87	173	14920
8	0	88	229	15368
8	0	89	160	14627
8	0	90	346	15467
8	0	91	0	12964
8	0	92	0	12900
8	0	93	0	12776
8	0	94	0	11073
8	0	95	0	10251
8	0	96	0	8653
8	0	97	0	7810
8	0	98	0	6635
8	0	99	0	4553
8	0	100	0	2725
8	1	0	23	0
8	1	1	29	84
8	1	2	27	31
8	1	3	40	29
8	1	4	40	20
8	1	5	31	10
8	1	6	25	16
8	1	7	27	10
8	1	8	28	18
8	1	9	31	7
8	1	10	61	12
8	1	11	47	10
8	1	12	69	9
8	1	13	57	14
8	1	14	59	13
8	1	15	189	16
8	1	16	195	14
8	1	17	163	22
8	1	18	200	43
8	1	19	188	58
8	1	20	196	119
8	1	21	194	137
8	1	22	202	192
8	1	23	189	133
8	1	24	199	170
8	1	25	146	185
8	1	26	148	168
8	1	27	168	177
8	1	28	144	178
8	1	29	139	165
8	1	30	75	190
8	1	31	81	143
8	1	32	92	176
8	1	33	80	155
8	1	34	89	135
8	1	35	72	135
8	1	36	65	126
8	1	37	67	100
8	1	38	59	122
8	1	39	64	102
8	1	40	28	81
8	1	41	36	82
8	1	42	37	76
8	1	43	33	81
8	1	44	29	86
8	1	45	17	71
8	1	46	15	44
8	1	47	15	47
8	1	48	19	40
8	1	49	27	51
8	1	50	6	34
8	1	51	9	35
8	1	52	15	33
8	1	53	8	42
8	1	54	12	38
8	1	55	7	27
8	1	56	10	32
8	1	57	7	34
8	1	58	5	16
8	1	59	7	36
8	1	60	2	29
8	1	61	5	22
8	1	62	3	41
8	1	63	5	32
8	1	64	5	23
8	1	65	7	38
8	1	66	8	28
8	1	67	9	25
8	1	68	3	31
8	1	69	13	23
8	1	70	3	33
8	1	71	2	19
8	1	72	2	26
8	1	73	2	14
8	1	74	1	25
8	1	75	1	18
8	1	76	0	35
8	1	77	0	41
8	1	78	0	53
8	1	79	3	46
8	1	80	0	52
8	1	81	3	50
8	1	82	2	46
8	1	83	3	56
8	1	84	0	45
8	1	85	1	25
8	1	86	0	26
8	1	87	1	35
8	1	88	1	29
8	1	89	0	22
8	1	90	0	33
8	1	91	0	11
8	1	92	0	7
8	1	93	0	1
8	1	94	0	1
8	1	95	0	3
8	1	96	0	1
8	1	97	0	2
8	1	98	0	1
8	1	99	0	0
8	1	100	19	0
8	2	0	190	0
8	2	1	215	151
8	2	2	230	98
8	2	3	253	77
8	2	4	228	94
8	2	5	223	99
8	2	6	241	145
8	2	7	260	145
8	2	8	249	148
8	2	9	236	158
8	2	10	447	146
8	2	11	385	149
8	2	12	418	178
8	2	13	433	174
8	2	14	410	194
8	2	15	740	233
8	2	16	599	255
8	2	17	594	263
8	2	18	518	311
8	2	19	627	370
8	2	20	916	511
8	2	21	904	594
8	2	22	886	621
8	2	23	928	634
8	2	24	909	638
8	2	25	1043	653
8	2	26	1097	702
8	2	27	1088	656
8	2	28	1029	610
8	2	29	1060	607
8	2	30	791	604
8	2	31	823	616
8	2	32	822	503
8	2	33	818	522
8	2	34	870	490
8	2	35	471	510
8	2	36	539	476
8	2	37	558	448
8	2	38	543	386
8	2	39	518	370
8	2	40	320	311
8	2	41	357	275
8	2	42	323	305
8	2	43	297	250
8	2	44	302	244
8	2	45	204	220
8	2	46	239	205
8	2	47	220	172
8	2	48	227	180
8	2	49	219	172
8	2	50	131	185
8	2	51	150	158
8	2	52	165	155
8	2	53	147	157
8	2	54	136	131
8	2	55	86	112
8	2	56	91	98
8	2	57	93	132
8	2	58	79	118
8	2	59	87	116
8	2	60	41	95
8	2	61	65	97
8	2	62	56	103
8	2	63	39	95
8	2	64	61	62
8	2	65	35	98
8	2	66	39	80
8	2	67	49	70
8	2	68	35	81
8	2	69	39	88
8	2	70	9	87
8	2	71	17	58
8	2	72	18	60
8	2	73	14	61
8	2	74	18	60
8	2	75	8	53
8	2	76	7	65
8	2	77	13	38
8	2	78	8	55
8	2	79	6	66
8	2	80	6	78
8	2	81	4	57
8	2	82	7	53
8	2	83	3	53
8	2	84	5	60
8	2	85	3	41
8	2	86	0	32
8	2	87	1	33
8	2	88	0	30
8	2	89	2	30
8	2	90	1	39
8	2	91	0	10
8	2	92	0	9
8	2	93	0	13
8	2	94	0	5
8	2	95	0	1
8	2	96	0	7
8	2	97	0	4
8	2	98	0	4
8	2	99	0	4
8	2	100	83	3
8	3	0	48	0
8	3	1	76	230
8	3	2	66	142
8	3	3	73	106
8	3	4	67	84
8	3	5	88	66
8	3	6	88	76
8	3	7	85	76
8	3	8	84	72
8	3	9	91	90
8	3	10	429	64
8	3	11	435	63
8	3	12	443	88
8	3	13	436	153
8	3	14	445	205
8	3	15	1883	234
8	3	16	1904	206
8	3	17	1916	351
8	3	18	1886	600
8	3	19	1984	703
8	3	20	1490	798
8	3	21	1559	816
8	3	22	1623	850
8	3	23	1519	701
8	3	24	1526	692
8	3	25	566	723
8	3	26	577	726
8	3	27	561	722
8	3	28	583	603
8	3	29	598	476
8	3	30	339	545
8	3	31	362	477
8	3	32	337	469
8	3	33	368	359
8	3	34	333	302
8	3	35	217	354
8	3	36	216	321
8	3	37	200	299
8	3	38	221	278
8	3	39	212	303
8	3	40	125	226
8	3	41	151	253
8	3	42	166	212
8	3	43	122	228
8	3	44	120	225
8	3	45	112	191
8	3	46	74	164
8	3	47	80	151
8	3	48	67	128
8	3	49	74	113
8	3	50	45	119
8	3	51	54	119
8	3	52	49	104
8	3	53	47	123
8	3	54	45	109
8	3	55	23	75
8	3	56	30	97
8	3	57	28	73
8	3	58	27	64
8	3	59	27	75
8	3	60	18	59
8	3	61	18	78
8	3	62	14	85
8	3	63	15	100
8	3	64	27	43
8	3	65	12	102
8	3	66	12	80
8	3	67	17	50
8	3	68	9	63
8	3	69	15	72
8	3	70	3	65
8	3	71	9	63
8	3	72	9	78
8	3	73	10	49
8	3	74	2	71
8	3	75	4	49
8	3	76	7	48
8	3	77	4	35
8	3	78	4	54
8	3	79	2	35
8	3	80	3	58
8	3	81	5	47
8	3	82	1	48
8	3	83	1	42
8	3	84	2	53
8	3	85	2	45
8	3	86	0	26
8	3	87	1	44
8	3	88	1	35
8	3	89	0	38
8	3	90	1	76
8	3	91	0	3
8	3	92	0	10
8	3	93	0	6
8	3	94	0	5
8	3	95	0	8
8	3	96	0	2
8	3	97	0	7
8	3	98	0	6
8	3	99	0	0
8	3	100	28	2
8	4	0	117	0
8	4	1	185	160
8	4	2	168	98
8	4	3	172	111
8	4	4	146	95
8	4	5	89	85
8	4	6	99	99
8	4	7	83	145
8	4	8	113	107
8	4	9	110	118
8	4	10	170	85
8	4	11	159	74
8	4	12	160	70
8	4	13	157	62
8	4	14	154	65
8	4	15	712	60
8	4	16	643	76
8	4	17	628	114
8	4	18	717	196
8	4	19	712	266
8	4	20	1904	402
8	4	21	1970	487
8	4	22	1995	655
8	4	23	1856	694
8	4	24	1968	743
8	4	25	3311	825
8	4	26	3245	1011
8	4	27	3267	1147
8	4	28	3388	1221
8	4	29	3309	1195
8	4	30	3528	1260
8	4	31	3550	1225
8	4	32	3496	1278
8	4	33	3454	1332
8	4	34	3541	1339
8	4	35	2072	1398
8	4	36	2237	1258
8	4	37	2166	1103
8	4	38	2237	1047
8	4	39	2115	967
8	4	40	804	884
8	4	41	780	813
8	4	42	770	622
8	4	43	760	518
8	4	44	752	516
8	4	45	236	481
8	4	46	253	373
8	4	47	225	293
8	4	48	219	286
8	4	49	218	209
8	4	50	99	206
8	4	51	81	144
8	4	52	117	155
8	4	53	106	164
8	4	54	101	158
8	4	55	98	125
8	4	56	93	132
8	4	57	119	128
8	4	58	101	127
8	4	59	89	148
8	4	60	35	136
8	4	61	29	168
8	4	62	19	179
8	4	63	20	180
8	4	64	26	158
8	4	65	51	196
8	4	66	46	195
8	4	67	45	178
8	4	68	40	181
8	4	69	43	215
8	4	70	22	198
8	4	71	29	175
8	4	72	34	178
8	4	73	38	151
8	4	74	22	189
8	4	75	16	159
8	4	76	21	189
8	4	77	18	175
8	4	78	18	199
8	4	79	15	221
8	4	80	9	252
8	4	81	17	236
8	4	82	5	212
8	4	83	9	172
8	4	84	9	187
8	4	85	4	208
8	4	86	3	208
8	4	87	4	171
8	4	88	2	183
8	4	89	3	170
8	4	90	2	262
8	4	91	0	108
8	4	92	0	88
8	4	93	0	87
8	4	94	0	78
8	4	95	0	59
8	4	96	0	66
8	4	97	0	44
8	4	98	0	30
8	4	99	0	13
8	4	100	76	29
8	5	0	100	0
8	5	1	129	168
8	5	2	143	83
8	5	3	121	69
8	5	4	121	65
8	5	5	114	71
8	5	6	127	83
8	5	7	116	91
8	5	8	121	93
8	5	9	130	82
8	5	10	172	70
8	5	11	147	76
8	5	12	163	70
8	5	13	166	76
8	5	14	168	72
8	5	15	503	65
8	5	16	462	96
8	5	17	414	137
8	5	18	451	204
8	5	19	495	231
8	5	20	695	406
8	5	21	752	486
8	5	22	706	510
8	5	23	727	549
8	5	24	731	528
8	5	25	733	536
8	5	26	751	576
8	5	27	771	585
8	5	28	766	566
8	5	29	726	553
8	5	30	433	571
8	5	31	432	544
8	5	32	398	496
8	5	33	393	425
8	5	34	405	431
8	5	35	194	380
8	5	36	206	339
8	5	37	196	342
8	5	38	187	335
8	5	39	183	261
8	5	40	89	208
8	5	41	120	216
8	5	42	110	224
8	5	43	116	200
8	5	44	129	150
8	5	45	75	169
8	5	46	75	144
8	5	47	64	126
8	5	48	69	116
8	5	49	74	129
8	5	50	43	108
8	5	51	49	109
8	5	52	53	123
8	5	53	36	112
8	5	54	38	102
8	5	55	32	66
8	5	56	30	98
8	5	57	31	75
8	5	58	30	71
8	5	59	24	95
8	5	60	34	101
8	5	61	18	99
8	5	62	17	114
8	5	63	23	106
8	5	64	25	86
8	5	65	11	123
8	5	66	29	121
8	5	67	36	93
8	5	68	20	92
8	5	69	37	112
8	5	70	11	91
8	5	71	21	80
8	5	72	14	76
8	5	73	15	66
8	5	74	20	99
8	5	75	13	66
8	5	76	9	86
8	5	77	8	87
8	5	78	7	110
8	5	79	15	105
8	5	80	10	102
8	5	81	6	127
8	5	82	3	126
8	5	83	1	116
8	5	84	4	122
8	5	85	2	120
8	5	86	0	96
8	5	87	2	87
8	5	88	3	88
8	5	89	1	93
8	5	90	1	122
8	5	91	0	44
8	5	92	0	28
8	5	93	0	29
8	5	94	0	16
8	5	95	0	23
8	5	96	0	8
8	5	97	0	8
8	5	98	0	13
8	5	99	0	11
8	5	100	65	1
9	0	0	0	0
9	0	1	3855	3521
9	0	2	1766	2119
9	0	3	1713	1394
9	0	4	1659	880
9	0	5	1249	653
9	0	6	752	1092
9	0	7	606	1079
9	0	8	653	953
9	0	9	706	754
9	0	10	996	450
9	0	11	1021	391
9	0	12	1078	354
9	0	13	1135	366
9	0	14	1165	364
9	0	15	2676	453
9	0	16	3276	526
9	0	17	4148	695
9	0	18	5955	1281
9	0	19	8952	2190
9	0	20	10951	5715
9	0	21	13022	7783
9	0	22	15647	9158
9	0	23	14850	8670
9	0	24	14511	9100
9	0	25	13088	10451
9	0	26	12935	9961
9	0	27	11758	8890
9	0	28	11615	7550
9	0	29	10639	6361
9	0	30	7372	5976
9	0	31	6819	4986
9	0	32	6142	4459
9	0	33	5347	4550
9	0	34	5257	4116
9	0	35	4388	4384
9	0	36	3931	4067
9	0	37	3862	3921
9	0	38	3667	3777
9	0	39	3233	3529
9	0	40	2283	2995
9	0	41	1890	3073
9	0	42	1835	3005
9	0	43	1491	3145
9	0	44	1290	3133
9	0	45	1585	2809
9	0	46	1527	2551
9	0	47	1569	2376
9	0	48	1448	2678
9	0	49	1454	2498
9	0	50	1761	2700
9	0	51	1807	2575
9	0	52	1782	2858
9	0	53	1601	3126
9	0	54	1669	3379
9	0	55	1219	3150
9	0	56	1024	3504
9	0	57	978	3570
9	0	58	1023	3405
9	0	59	811	3685
9	0	60	818	3774
9	0	61	700	4135
9	0	62	762	4559
9	0	63	506	4614
9	0	64	1292	4185
9	0	65	721	5240
9	0	66	538	5571
9	0	67	1052	5362
9	0	68	605	6202
9	0	69	694	7387
9	0	70	438	8660
9	0	71	463	8981
9	0	72	473	10000
9	0	73	488	10422
9	0	74	406	8928
9	0	75	328	10474
9	0	76	374	10708
9	0	77	301	10678
9	0	78	297	10360
9	0	79	294	10624
9	0	80	170	12669
9	0	81	218	13292
9	0	82	178	13432
9	0	83	202	13703
9	0	84	147	13978
9	0	85	184	14308
9	0	86	154	14158
9	0	87	212	14686
9	0	88	183	14797
9	0	89	146	15245
9	0	90	369	15813
9	0	91	0	13178
9	0	92	0	12772
9	0	93	0	13067
9	0	94	0	11880
9	0	95	0	10192
9	0	96	0	8933
9	0	97	0	7451
9	0	98	0	6418
9	0	99	0	5396
9	0	100	0	3809
9	1	0	30	0
9	1	1	29	80
9	1	2	43	31
9	1	3	32	24
9	1	4	32	27
9	1	5	25	25
9	1	6	18	25
9	1	7	26	18
9	1	8	26	26
9	1	9	24	27
9	1	10	53	24
9	1	11	52	20
9	1	12	44	12
9	1	13	43	21
9	1	14	55	29
9	1	15	211	33
9	1	16	172	30
9	1	17	168	29
9	1	18	179	61
9	1	19	175	119
9	1	20	203	178
9	1	21	222	207
9	1	22	249	219
9	1	23	242	194
9	1	24	229	224
9	1	25	158	230
9	1	26	161	210
9	1	27	147	194
9	1	28	150	159
9	1	29	150	154
9	1	30	100	195
9	1	31	94	160
9	1	32	73	157
9	1	33	80	150
9	1	34	87	137
9	1	35	50	162
9	1	36	53	127
9	1	37	46	134
9	1	38	52	110
9	1	39	35	117
9	1	40	21	76
9	1	41	28	88
9	1	42	19	81
9	1	43	29	97
9	1	44	29	72
9	1	45	27	69
9	1	46	13	62
9	1	47	15	45
9	1	48	23	61
9	1	49	25	42
9	1	50	11	46
9	1	51	7	34
9	1	52	14	39
9	1	53	11	41
9	1	54	11	38
9	1	55	9	21
9	1	56	5	37
9	1	57	7	23
9	1	58	6	18
9	1	59	2	24
9	1	60	2	34
9	1	61	5	35
9	1	62	3	26
9	1	63	7	38
9	1	64	4	29
9	1	65	5	34
9	1	66	7	38
9	1	67	7	34
9	1	68	8	35
9	1	69	11	35
9	1	70	3	37
9	1	71	2	25
9	1	72	7	24
9	1	73	5	22
9	1	74	2	25
9	1	75	0	20
9	1	76	2	31
9	1	77	0	32
9	1	78	1	35
9	1	79	2	43
9	1	80	1	53
9	1	81	4	45
9	1	82	1	45
9	1	83	0	48
9	1	84	0	38
9	1	85	0	41
9	1	86	0	29
9	1	87	0	29
9	1	88	0	26
9	1	89	1	34
9	1	90	0	37
9	1	91	0	8
9	1	92	0	10
9	1	93	0	3
9	1	94	0	3
9	1	95	0	3
9	1	96	0	1
9	1	97	0	2
9	1	98	0	1
9	1	99	0	4
9	1	100	12	2
9	2	0	142	0
9	2	1	155	153
9	2	2	171	88
9	2	3	180	85
9	2	4	193	114
9	2	5	170	138
9	2	6	191	171
9	2	7	184	162
9	2	8	177	201
9	2	9	205	178
9	2	10	397	184
9	2	11	373	211
9	2	12	346	182
9	2	13	388	266
9	2	14	396	268
9	2	15	743	264
9	2	16	601	332
9	2	17	548	323
9	2	18	587	453
9	2	19	585	418
9	2	20	865	610
9	2	21	921	657
9	2	22	910	786
9	2	23	863	705
9	2	24	919	777
9	2	25	945	777
9	2	26	988	774
9	2	27	995	774
9	2	28	1026	690
9	2	29	968	688
9	2	30	754	679
9	2	31	753	642
9	2	32	782	593
9	2	33	726	573
9	2	34	745	531
9	2	35	442	556
9	2	36	489	553
9	2	37	477	559
9	2	38	475	457
9	2	39	418	417
9	2	40	295	335
9	2	41	288	336
9	2	42	295	309
9	2	43	279	292
9	2	44	279	313
9	2	45	229	262
9	2	46	188	256
9	2	47	194	227
9	2	48	175	201
9	2	49	190	173
9	2	50	113	186
9	2	51	133	189
9	2	52	126	163
9	2	53	144	154
9	2	54	134	181
9	2	55	81	126
9	2	56	81	132
9	2	57	84	136
9	2	58	72	84
9	2	59	74	137
9	2	60	65	119
9	2	61	55	102
9	2	62	49	84
9	2	63	37	99
9	2	64	43	86
9	2	65	33	111
9	2	66	26	87
9	2	67	38	64
9	2	68	32	81
9	2	69	34	84
9	2	70	18	89
9	2	71	11	75
9	2	72	17	62
9	2	73	23	45
9	2	74	17	50
9	2	75	10	65
9	2	76	2	56
9	2	77	11	60
9	2	78	5	62
9	2	79	17	60
9	2	80	3	53
9	2	81	3	55
9	2	82	6	55
9	2	83	6	48
9	2	84	6	67
9	2	85	7	49
9	2	86	3	43
9	2	87	0	20
9	2	88	2	30
9	2	89	0	21
9	2	90	0	44
9	2	91	0	9
9	2	92	0	8
9	2	93	0	10
9	2	94	0	7
9	2	95	0	6
9	2	96	0	3
9	2	97	0	4
9	2	98	0	3
9	2	99	0	5
9	2	100	69	0
9	3	0	19	0
9	3	1	41	247
9	3	2	34	157
9	3	3	30	107
9	3	4	39	86
9	3	5	32	72
9	3	6	42	74
9	3	7	42	83
9	3	8	46	84
9	3	9	50	75
9	3	10	249	73
9	3	11	242	60
9	3	12	265	109
9	3	13	305	279
9	3	14	261	373
9	3	15	1057	331
9	3	16	1122	368
9	3	17	1133	487
9	3	18	1205	1106
9	3	19	1280	1288
9	3	20	954	1383
9	3	21	966	1458
9	3	22	1033	1377
9	3	23	1010	1064
9	3	24	939	1019
9	3	25	287	1095
9	3	26	325	1047
9	3	27	290	1083
9	3	28	289	651
9	3	29	293	497
9	3	30	166	593
9	3	31	159	559
9	3	32	156	457
9	3	33	130	372
9	3	34	154	345
9	3	35	105	330
9	3	36	93	310
9	3	37	81	324
9	3	38	99	277
9	3	39	88	291
9	3	40	53	255
9	3	41	65	239
9	3	42	67	225
9	3	43	58	222
9	3	44	53	213
9	3	45	54	191
9	3	46	51	180
9	3	47	40	139
9	3	48	50	136
9	3	49	32	108
9	3	50	25	135
9	3	51	25	114
9	3	52	33	103
9	3	53	36	93
9	3	54	29	100
9	3	55	18	72
9	3	56	18	85
9	3	57	19	80
9	3	58	16	71
9	3	59	13	83
9	3	60	8	75
9	3	61	10	61
9	3	62	17	62
9	3	63	8	89
9	3	64	13	36
9	3	65	13	76
9	3	66	8	80
9	3	67	7	61
9	3	68	9	66
9	3	69	7	63
9	3	70	10	76
9	3	71	5	68
9	3	72	5	59
9	3	73	8	49
9	3	74	9	55
9	3	75	5	50
9	3	76	3	38
9	3	77	3	42
9	3	78	2	57
9	3	79	3	47
9	3	80	1	53
9	3	81	2	52
9	3	82	5	64
9	3	83	2	48
9	3	84	1	61
9	3	85	1	39
9	3	86	0	44
9	3	87	1	45
9	3	88	3	40
9	3	89	1	27
9	3	90	0	70
9	3	91	0	10
9	3	92	0	9
9	3	93	0	6
9	3	94	0	8
9	3	95	0	4
9	3	96	0	4
9	3	97	0	5
9	3	98	0	3
9	3	99	0	4
9	3	100	6	3
9	4	0	110	0
9	4	1	114	177
9	4	2	112	105
9	4	3	111	88
9	4	4	138	117
9	4	5	69	111
9	4	6	88	169
9	4	7	78	179
9	4	8	89	147
9	4	9	91	131
9	4	10	207	103
9	4	11	230	113
9	4	12	195	103
9	4	13	221	92
9	4	14	209	83
9	4	15	967	90
9	4	16	821	78
9	4	17	910	146
9	4	18	889	252
9	4	19	940	340
9	4	20	1802	447
9	4	21	1853	577
9	4	22	1779	696
9	4	23	1837	853
9	4	24	1857	913
9	4	25	2189	1028
9	4	26	2242	1134
9	4	27	2251	1281
9	4	28	2268	1412
9	4	29	2238	1398
9	4	30	2188	1448
9	4	31	2145	1458
9	4	32	2162	1457
9	4	33	2117	1548
9	4	34	2071	1428
9	4	35	1219	1522
9	4	36	1284	1408
9	4	37	1273	1267
9	4	38	1275	1177
9	4	39	1240	1116
9	4	40	468	1013
9	4	41	466	950
9	4	42	440	718
9	4	43	450	604
9	4	44	427	535
9	4	45	140	489
9	4	46	152	421
9	4	47	140	318
9	4	48	145	301
9	4	49	143	184
9	4	50	73	225
9	4	51	85	183
9	4	52	79	161
9	4	53	69	158
9	4	54	79	179
9	4	55	65	136
9	4	56	53	153
9	4	57	72	141
9	4	58	78	149
9	4	59	49	153
9	4	60	25	169
9	4	61	13	194
9	4	62	11	158
9	4	63	16	208
9	4	64	31	146
9	4	65	45	213
9	4	66	47	190
9	4	67	51	165
9	4	68	45	189
9	4	69	46	208
9	4	70	19	221
9	4	71	30	218
9	4	72	28	182
9	4	73	31	162
9	4	74	28	184
9	4	75	20	168
9	4	76	19	189
9	4	77	9	185
9	4	78	12	193
9	4	79	3	189
9	4	80	5	207
9	4	81	11	237
9	4	82	11	222
9	4	83	6	189
9	4	84	8	242
9	4	85	6	219
9	4	86	1	212
9	4	87	2	205
9	4	88	2	189
9	4	89	3	194
9	4	90	1	260
9	4	91	0	113
9	4	92	0	130
9	4	93	0	90
9	4	94	0	95
9	4	95	0	64
9	4	96	0	54
9	4	97	0	42
9	4	98	0	31
9	4	99	0	33
9	4	100	64	24
9	5	0	86	0
9	5	1	113	170
9	5	2	107	72
9	5	3	93	88
9	5	4	117	87
9	5	5	67	90
9	5	6	102	98
9	5	7	73	120
9	5	8	111	108
9	5	9	85	109
9	5	10	147	114
9	5	11	141	108
9	5	12	141	99
9	5	13	116	107
9	5	14	110	114
9	5	15	419	117
9	5	16	357	145
9	5	17	369	150
9	5	18	344	271
9	5	19	369	415
9	5	20	627	522
9	5	21	621	627
9	5	22	657	653
9	5	23	629	625
9	5	24	616	687
9	5	25	573	699
9	5	26	668	710
9	5	27	640	733
9	5	28	586	633
9	5	29	621	641
9	5	30	305	647
9	5	31	313	635
9	5	32	340	560
9	5	33	356	537
9	5	34	352	475
9	5	35	162	485
9	5	36	148	415
9	5	37	131	417
9	5	38	163	328
9	5	39	146	277
9	5	40	87	277
9	5	41	101	249
9	5	42	89	252
9	5	43	99	215
9	5	44	78	244
9	5	45	53	177
9	5	46	75	140
9	5	47	65	142
9	5	48	68	150
9	5	49	45	120
9	5	50	45	140
9	5	51	42	105
9	5	52	34	128
9	5	53	27	107
9	5	54	49	97
9	5	55	33	75
9	5	56	36	84
9	5	57	30	86
9	5	58	23	76
9	5	59	24	79
9	5	60	15	99
9	5	61	20	91
9	5	62	17	92
9	5	63	29	108
9	5	64	23	94
9	5	65	24	129
9	5	66	29	114
9	5	67	25	102
9	5	68	22	116
9	5	69	23	115
9	5	70	10	111
9	5	71	12	85
9	5	72	8	87
9	5	73	11	75
9	5	74	14	80
9	5	75	12	82
9	5	76	13	75
9	5	77	10	85
9	5	78	8	87
9	5	79	8	95
9	5	80	11	122
9	5	81	8	134
9	5	82	4	119
9	5	83	4	104
9	5	84	3	106
9	5	85	3	127
9	5	86	0	109
9	5	87	1	98
9	5	88	2	95
9	5	89	0	99
9	5	90	2	138
9	5	91	0	39
9	5	92	0	41
9	5	93	0	34
9	5	94	0	23
9	5	95	0	18
9	5	96	0	15
9	5	97	0	9
9	5	98	0	3
9	5	99	0	8
9	5	100	41	6
