ModelYear	Year	Ethnicity	Sex	ROB	Age	Value	ShortTerm
0	2011	0	0	0	0	1988.00	0.00
0	2011	0	0	0	1	4072.00	0.00
0	2011	0	0	0	2	5691.00	0.00
0	2011	0	0	0	3	6550.00	0.00
0	2011	0	0	0	4	7359.00	0.00
0	2011	0	0	0	5	8218.00	0.00
0	2011	0	0	0	6	8229.00	0.00
0	2011	0	0	0	7	8734.00	0.00
0	2011	0	0	0	8	8592.00	0.00
0	2011	0	0	0	9	8802.00	0.00
0	2011	0	0	0	10	9060.00	0.00
0	2011	0	0	0	11	9379.00	0.00
0	2011	0	0	0	12	9582.00	0.00
0	2011	0	0	0	13	9845.00	0.00
0	2011	0	0	0	14	10263.00	0.00
0	2011	0	0	0	15	10598.00	0.00
0	2011	0	0	0	16	10569.00	0.00
0	2011	0	0	0	17	10982.00	0.00
0	2011	0	0	0	18	12418.00	0.00
0	2011	0	0	0	19	15072.00	0.00
0	2011	0	0	0	20	18796.00	0.00
0	2011	0	0	0	21	20501.00	0.00
0	2011	0	0	0	22	22785.00	0.00
0	2011	0	0	0	23	25738.00	0.00
0	2011	0	0	0	24	29998.00	0.00
0	2011	0	0	0	25	36131.00	0.00
0	2011	0	0	0	26	40292.00	0.00
0	2011	0	0	0	27	44861.00	0.00
0	2011	0	0	0	28	47608.00	0.00
0	2011	0	0	0	29	48381.00	0.00
0	2011	0	0	0	30	49327.00	0.00
0	2011	0	0	0	31	47629.00	0.00
0	2011	0	0	0	32	45194.00	0.00
0	2011	0	0	0	33	42477.00	0.00
0	2011	0	0	0	34	41011.00	0.00
0	2011	0	0	0	35	37896.00	0.00
0	2011	0	0	0	36	35847.00	0.00
0	2011	0	0	0	37	33383.00	0.00
0	2011	0	0	0	38	31572.00	0.00
0	2011	0	0	0	39	29883.00	0.00
0	2011	0	0	0	40	28541.00	0.00
0	2011	0	0	0	41	26905.00	0.00
0	2011	0	0	0	42	25208.00	0.00
0	2011	0	0	0	43	24384.00	0.00
0	2011	0	0	0	44	23560.00	0.00
0	2011	0	0	0	45	22717.00	0.00
0	2011	0	0	0	46	22210.00	0.00
0	2011	0	0	0	47	21717.00	0.00
0	2011	0	0	0	48	20524.00	0.00
0	2011	0	0	0	49	19479.00	0.00
0	2011	0	0	0	50	19293.00	0.00
0	2011	0	0	0	51	18487.00	0.00
0	2011	0	0	0	52	17775.00	0.00
0	2011	0	0	0	53	17024.00	0.00
0	2011	0	0	0	54	16378.00	0.00
0	2011	0	0	0	55	15983.00	0.00
0	2011	0	0	0	56	15192.00	0.00
0	2011	0	0	0	57	14290.00	0.00
0	2011	0	0	0	58	14332.00	0.00
0	2011	0	0	0	59	13936.00	0.00
0	2011	0	0	0	60	13556.00	0.00
0	2011	0	0	0	61	13583.00	0.00
0	2011	0	0	0	62	13993.00	0.00
0	2011	0	0	0	63	14310.00	0.00
0	2011	0	0	0	64	13580.00	0.00
0	2011	0	0	0	65	11611.00	0.00
0	2011	0	0	0	66	11341.00	0.00
0	2011	0	0	0	67	11262.00	0.00
0	2011	0	0	0	68	10477.00	0.00
0	2011	0	0	0	69	9942.00	0.00
0	2011	0	0	0	70	10025.00	0.00
0	2011	0	0	0	71	9972.00	0.00
0	2011	0	0	0	72	9358.00	0.00
0	2011	0	0	0	73	8991.00	0.00
0	2011	0	0	0	74	8631.00	0.00
0	2011	0	0	0	75	8133.00	0.00
0	2011	0	0	0	76	7468.00	0.00
0	2011	0	0	0	77	7048.00	0.00
0	2011	0	0	0	78	6475.00	0.00
0	2011	0	0	0	79	6369.00	0.00
0	2011	0	0	0	80	6032.00	0.00
0	2011	0	0	0	81	5560.00	0.00
0	2011	0	0	0	82	5113.00	0.00
0	2011	0	0	0	83	4952.00	0.00
0	2011	0	0	0	84	5100.00	0.00
0	2011	0	0	0	85	4847.00	0.00
0	2011	0	0	0	86	4193.00	0.00
0	2011	0	0	0	87	3430.00	0.00
0	2011	0	0	0	88	2846.00	0.00
0	2011	0	0	0	89	2223.00	0.00
0	2011	0	0	0	90	1753.00	0.00
0	2011	0	0	0	91	1252.00	0.00
0	2011	0	0	0	92	779.00	0.00
0	2011	0	0	0	93	525.00	0.00
0	2011	0	0	0	94	382.00	0.00
0	2011	0	0	0	95	319.00	0.00
0	2011	0	0	0	96	254.00	0.00
0	2011	0	0	0	97	158.00	0.00
0	2011	0	0	0	98	127.00	0.00
0	2011	0	0	0	99	86.00	0.00
0	2011	0	0	0	100	94.00	0.00
0	2011	0	0	0	101	0.00	0.00
0	2011	0	0	0	102	0.00	0.00
0	2011	0	0	0	103	0.00	0.00
0	2011	0	0	0	104	0.00	0.00
0	2011	0	0	0	105	0.00	0.00
0	2011	0	0	0	106	0.00	0.00
0	2011	0	0	0	107	0.00	0.00
0	2011	0	0	0	108	0.00	0.00
0	2011	0	0	0	109	0.00	0.00
0	2011	0	0	0	110	0.00	0.00
0	2011	0	0	0	111	0.00	0.00
0	2011	0	0	0	112	0.00	0.00
0	2011	0	0	0	113	0.00	0.00
0	2011	0	0	0	114	0.00	0.00
0	2011	0	0	0	115	0.00	0.00
0	2011	0	0	0	116	0.00	0.00
0	2011	0	0	0	117	0.00	0.00
0	2011	0	0	0	118	0.00	0.00
0	2011	0	0	0	119	0.00	0.00
0	2011	0	0	0	120	0.00	0.00
0	2011	0	0	1	0	262791.00	0.00
0	2011	0	0	1	1	256107.00	0.00
0	2011	0	0	1	2	251099.00	0.00
0	2011	0	0	1	3	251528.00	0.00
0	2011	0	0	1	4	244957.00	0.00
0	2011	0	0	1	5	238370.00	0.00
0	2011	0	0	1	6	228249.00	0.00
0	2011	0	0	1	7	227909.00	0.00
0	2011	0	0	1	8	220772.00	0.00
0	2011	0	0	1	9	221265.00	0.00
0	2011	0	0	1	10	228929.00	0.00
0	2011	0	0	1	11	239222.00	0.00
0	2011	0	0	1	12	246131.00	0.00
0	2011	0	0	1	13	250331.00	0.00
0	2011	0	0	1	14	256350.00	0.00
0	2011	0	0	1	15	262744.00	0.00
0	2011	0	0	1	16	261527.00	0.00
0	2011	0	0	1	17	268331.00	0.00
0	2011	0	0	1	18	268606.00	0.00
0	2011	0	0	1	19	273316.00	0.00
0	2011	0	0	1	20	282535.00	0.00
0	2011	0	0	1	21	269481.00	0.00
0	2011	0	0	1	22	263147.00	0.00
0	2011	0	0	1	23	265045.00	0.00
0	2011	0	0	1	24	251402.00	0.00
0	2011	0	0	1	25	255872.00	0.00
0	2011	0	0	1	26	249589.00	0.00
0	2011	0	0	1	27	242822.00	0.00
0	2011	0	0	1	28	238800.00	0.00
0	2011	0	0	1	29	241129.00	0.00
0	2011	0	0	1	30	246327.00	0.00
0	2011	0	0	1	31	244026.00	0.00
0	2011	0	0	1	32	231523.00	0.00
0	2011	0	0	1	33	217123.00	0.00
0	2011	0	0	1	34	219598.00	0.00
0	2011	0	0	1	35	226944.00	0.00
0	2011	0	0	1	36	240476.00	0.00
0	2011	0	0	1	37	250710.00	0.00
0	2011	0	0	1	38	270129.00	0.00
0	2011	0	0	1	39	289765.00	0.00
0	2011	0	0	1	40	295298.00	0.00
0	2011	0	0	1	41	292385.00	0.00
0	2011	0	0	1	42	303599.00	0.00
0	2011	0	0	1	43	307301.00	0.00
0	2011	0	0	1	44	318349.00	0.00
0	2011	0	0	1	45	319085.00	0.00
0	2011	0	0	1	46	324497.00	0.00
0	2011	0	0	1	47	320048.00	0.00
0	2011	0	0	1	48	315877.00	0.00
0	2011	0	0	1	49	310437.00	0.00
0	2011	0	0	1	50	300999.00	0.00
0	2011	0	0	1	51	287813.00	0.00
0	2011	0	0	1	52	285458.00	0.00
0	2011	0	0	1	53	281584.00	0.00
0	2011	0	0	1	54	269427.00	0.00
0	2011	0	0	1	55	260068.00	0.00
0	2011	0	0	1	56	255356.00	0.00
0	2011	0	0	1	57	260162.00	0.00
0	2011	0	0	1	58	253416.00	0.00
0	2011	0	0	1	59	252341.00	0.00
0	2011	0	0	1	60	255280.00	0.00
0	2011	0	0	1	61	265392.00	0.00
0	2011	0	0	1	62	275362.00	0.00
0	2011	0	0	1	63	303075.00	0.00
0	2011	0	0	1	64	308213.00	0.00
0	2011	0	0	1	65	232305.00	0.00
0	2011	0	0	1	66	247030.00	0.00
0	2011	0	0	1	67	228435.00	0.00
0	2011	0	0	1	68	213807.00	0.00
0	2011	0	0	1	69	182962.00	0.00
0	2011	0	0	1	70	173269.00	0.00
0	2011	0	0	1	71	180105.00	0.00
0	2011	0	0	1	72	176254.00	0.00
0	2011	0	0	1	73	170202.00	0.00
0	2011	0	0	1	74	161422.00	0.00
0	2011	0	0	1	75	151647.00	0.00
0	2011	0	0	1	76	144117.00	0.00
0	2011	0	0	1	77	132669.00	0.00
0	2011	0	0	1	78	127923.00	0.00
0	2011	0	0	1	79	121550.00	0.00
0	2011	0	0	1	80	115273.00	0.00
0	2011	0	0	1	81	103663.00	0.00
0	2011	0	0	1	82	93582.00	0.00
0	2011	0	0	1	83	82716.00	0.00
0	2011	0	0	1	84	75425.00	0.00
0	2011	0	0	1	85	66078.00	0.00
0	2011	0	0	1	86	56401.00	0.00
0	2011	0	0	1	87	48755.00	0.00
0	2011	0	0	1	88	41343.00	0.00
0	2011	0	0	1	89	36650.00	0.00
0	2011	0	0	1	90	31116.00	0.00
0	2011	0	0	1	91	22031.00	0.00
0	2011	0	0	1	92	12372.00	0.00
0	2011	0	0	1	93	8892.00	0.00
0	2011	0	0	1	94	7704.00	0.00
0	2011	0	0	1	95	5631.00	0.00
0	2011	0	0	1	96	4235.00	0.00
0	2011	0	0	1	97	2766.00	0.00
0	2011	0	0	1	98	1863.00	0.00
0	2011	0	0	1	99	1061.00	0.00
0	2011	0	0	1	100	1598.00	0.00
0	2011	0	0	1	101	0.00	0.00
0	2011	0	0	1	102	0.00	0.00
0	2011	0	0	1	103	0.00	0.00
0	2011	0	0	1	104	0.00	0.00
0	2011	0	0	1	105	0.00	0.00
0	2011	0	0	1	106	0.00	0.00
0	2011	0	0	1	107	0.00	0.00
0	2011	0	0	1	108	0.00	0.00
0	2011	0	0	1	109	0.00	0.00
0	2011	0	0	1	110	0.00	0.00
0	2011	0	0	1	111	0.00	0.00
0	2011	0	0	1	112	0.00	0.00
0	2011	0	0	1	113	0.00	0.00
0	2011	0	0	1	114	0.00	0.00
0	2011	0	0	1	115	0.00	0.00
0	2011	0	0	1	116	0.00	0.00
0	2011	0	0	1	117	0.00	0.00
0	2011	0	0	1	118	0.00	0.00
0	2011	0	0	1	119	0.00	0.00
0	2011	0	0	1	120	0.00	0.00
0	2011	0	1	0	0	1931.00	0.00
0	2011	0	1	0	1	4015.00	0.00
0	2011	0	1	0	2	5279.00	0.00
0	2011	0	1	0	3	6271.00	0.00
0	2011	0	1	0	4	7239.00	0.00
0	2011	0	1	0	5	8023.00	0.00
0	2011	0	1	0	6	8088.00	0.00
0	2011	0	1	0	7	8463.00	0.00
0	2011	0	1	0	8	8281.00	0.00
0	2011	0	1	0	9	8272.00	0.00
0	2011	0	1	0	10	8705.00	0.00
0	2011	0	1	0	11	8830.00	0.00
0	2011	0	1	0	12	9161.00	0.00
0	2011	0	1	0	13	9593.00	0.00
0	2011	0	1	0	14	9681.00	0.00
0	2011	0	1	0	15	9908.00	0.00
0	2011	0	1	0	16	9976.00	0.00
0	2011	0	1	0	17	10712.00	0.00
0	2011	0	1	0	18	12741.00	0.00
0	2011	0	1	0	19	17425.00	0.00
0	2011	0	1	0	20	20828.00	0.00
0	2011	0	1	0	21	23176.00	0.00
0	2011	0	1	0	22	26709.00	0.00
0	2011	0	1	0	23	32009.00	0.00
0	2011	0	1	0	24	37963.00	0.00
0	2011	0	1	0	25	43152.00	0.00
0	2011	0	1	0	26	47483.00	0.00
0	2011	0	1	0	27	50765.00	0.00
0	2011	0	1	0	28	53229.00	0.00
0	2011	0	1	0	29	53223.00	0.00
0	2011	0	1	0	30	51218.00	0.00
0	2011	0	1	0	31	49518.00	0.00
0	2011	0	1	0	32	46334.00	0.00
0	2011	0	1	0	33	43502.00	0.00
0	2011	0	1	0	34	41256.00	0.00
0	2011	0	1	0	35	38761.00	0.00
0	2011	0	1	0	36	36902.00	0.00
0	2011	0	1	0	37	34707.00	0.00
0	2011	0	1	0	38	32740.00	0.00
0	2011	0	1	0	39	31750.00	0.00
0	2011	0	1	0	40	30627.00	0.00
0	2011	0	1	0	41	28321.00	0.00
0	2011	0	1	0	42	27629.00	0.00
0	2011	0	1	0	43	26157.00	0.00
0	2011	0	1	0	44	25433.00	0.00
0	2011	0	1	0	45	24455.00	0.00
0	2011	0	1	0	46	23920.00	0.00
0	2011	0	1	0	47	23728.00	0.00
0	2011	0	1	0	48	22478.00	0.00
0	2011	0	1	0	49	21488.00	0.00
0	2011	0	1	0	50	21358.00	0.00
0	2011	0	1	0	51	20629.00	0.00
0	2011	0	1	0	52	20040.00	0.00
0	2011	0	1	0	53	19599.00	0.00
0	2011	0	1	0	54	18800.00	0.00
0	2011	0	1	0	55	18523.00	0.00
0	2011	0	1	0	56	17959.00	0.00
0	2011	0	1	0	57	17599.00	0.00
0	2011	0	1	0	58	17615.00	0.00
0	2011	0	1	0	59	17014.00	0.00
0	2011	0	1	0	60	16892.00	0.00
0	2011	0	1	0	61	17215.00	0.00
0	2011	0	1	0	62	17484.00	0.00
0	2011	0	1	0	63	17873.00	0.00
0	2011	0	1	0	64	17044.00	0.00
0	2011	0	1	0	65	14366.00	0.00
0	2011	0	1	0	66	14069.00	0.00
0	2011	0	1	0	67	14054.00	0.00
0	2011	0	1	0	68	13247.00	0.00
0	2011	0	1	0	69	13100.00	0.00
0	2011	0	1	0	70	12719.00	0.00
0	2011	0	1	0	71	13041.00	0.00
0	2011	0	1	0	72	12593.00	0.00
0	2011	0	1	0	73	12231.00	0.00
0	2011	0	1	0	74	12255.00	0.00
0	2011	0	1	0	75	11915.00	0.00
0	2011	0	1	0	76	11281.00	0.00
0	2011	0	1	0	77	10728.00	0.00
0	2011	0	1	0	78	10439.00	0.00
0	2011	0	1	0	79	10351.00	0.00
0	2011	0	1	0	80	10658.00	0.00
0	2011	0	1	0	81	10760.00	0.00
0	2011	0	1	0	82	10345.00	0.00
0	2011	0	1	0	83	9907.00	0.00
0	2011	0	1	0	84	9477.00	0.00
0	2011	0	1	0	85	8556.00	0.00
0	2011	0	1	0	86	7844.00	0.00
0	2011	0	1	0	87	6689.00	0.00
0	2011	0	1	0	88	5548.00	0.00
0	2011	0	1	0	89	4698.00	0.00
0	2011	0	1	0	90	3913.00	0.00
0	2011	0	1	0	91	2854.00	0.00
0	2011	0	1	0	92	1844.00	0.00
0	2011	0	1	0	93	1410.00	0.00
0	2011	0	1	0	94	1064.00	0.00
0	2011	0	1	0	95	846.00	0.00
0	2011	0	1	0	96	757.00	0.00
0	2011	0	1	0	97	487.00	0.00
0	2011	0	1	0	98	351.00	0.00
0	2011	0	1	0	99	220.00	0.00
0	2011	0	1	0	100	331.00	0.00
0	2011	0	1	0	101	0.00	0.00
0	2011	0	1	0	102	0.00	0.00
0	2011	0	1	0	103	0.00	0.00
0	2011	0	1	0	104	0.00	0.00
0	2011	0	1	0	105	0.00	0.00
0	2011	0	1	0	106	0.00	0.00
0	2011	0	1	0	107	0.00	0.00
0	2011	0	1	0	108	0.00	0.00
0	2011	0	1	0	109	0.00	0.00
0	2011	0	1	0	110	0.00	0.00
0	2011	0	1	0	111	0.00	0.00
0	2011	0	1	0	112	0.00	0.00
0	2011	0	1	0	113	0.00	0.00
0	2011	0	1	0	114	0.00	0.00
0	2011	0	1	0	115	0.00	0.00
0	2011	0	1	0	116	0.00	0.00
0	2011	0	1	0	117	0.00	0.00
0	2011	0	1	0	118	0.00	0.00
0	2011	0	1	0	119	0.00	0.00
0	2011	0	1	0	120	0.00	0.00
0	2011	0	1	1	0	249289.00	0.00
0	2011	0	1	1	1	243335.00	0.00
0	2011	0	1	1	2	240072.00	0.00
0	2011	0	1	1	3	237758.00	0.00
0	2011	0	1	1	4	233191.00	0.00
0	2011	0	1	1	5	227005.00	0.00
0	2011	0	1	1	6	217015.00	0.00
0	2011	0	1	1	7	216344.00	0.00
0	2011	0	1	1	8	208691.00	0.00
0	2011	0	1	1	9	210667.00	0.00
0	2011	0	1	1	10	219024.00	0.00
0	2011	0	1	1	11	227105.00	0.00
0	2011	0	1	1	12	234253.00	0.00
0	2011	0	1	1	13	238405.00	0.00
0	2011	0	1	1	14	243873.00	0.00
0	2011	0	1	1	15	247549.00	0.00
0	2011	0	1	1	16	247725.00	0.00
0	2011	0	1	1	17	254459.00	0.00
0	2011	0	1	1	18	257911.00	0.00
0	2011	0	1	1	19	267386.00	0.00
0	2011	0	1	1	20	269001.00	0.00
0	2011	0	1	1	21	258904.00	0.00
0	2011	0	1	1	22	259248.00	0.00
0	2011	0	1	1	23	261138.00	0.00
0	2011	0	1	1	24	252286.00	0.00
0	2011	0	1	1	25	248959.00	0.00
0	2011	0	1	1	26	245241.00	0.00
0	2011	0	1	1	27	239191.00	0.00
0	2011	0	1	1	28	236819.00	0.00
0	2011	0	1	1	29	240245.00	0.00
0	2011	0	1	1	30	246520.00	0.00
0	2011	0	1	1	31	243195.00	0.00
0	2011	0	1	1	32	229366.00	0.00
0	2011	0	1	1	33	216078.00	0.00
0	2011	0	1	1	34	219052.00	0.00
0	2011	0	1	1	35	230246.00	0.00
0	2011	0	1	1	36	242264.00	0.00
0	2011	0	1	1	37	253647.00	0.00
0	2011	0	1	1	38	272014.00	0.00
0	2011	0	1	1	39	292285.00	0.00
0	2011	0	1	1	40	301433.00	0.00
0	2011	0	1	1	41	297422.00	0.00
0	2011	0	1	1	42	310156.00	0.00
0	2011	0	1	1	43	312170.00	0.00
0	2011	0	1	1	44	320492.00	0.00
0	2011	0	1	1	45	325405.00	0.00
0	2011	0	1	1	46	329482.00	0.00
0	2011	0	1	1	47	324189.00	0.00
0	2011	0	1	1	48	319509.00	0.00
0	2011	0	1	1	49	312455.00	0.00
0	2011	0	1	1	50	302393.00	0.00
0	2011	0	1	1	51	288940.00	0.00
0	2011	0	1	1	52	286883.00	0.00
0	2011	0	1	1	53	281591.00	0.00
0	2011	0	1	1	54	271174.00	0.00
0	2011	0	1	1	55	261090.00	0.00
0	2011	0	1	1	56	257710.00	0.00
0	2011	0	1	1	57	262080.00	0.00
0	2011	0	1	1	58	256198.00	0.00
0	2011	0	1	1	59	255718.00	0.00
0	2011	0	1	1	60	258922.00	0.00
0	2011	0	1	1	61	270327.00	0.00
0	2011	0	1	1	62	278999.00	0.00
0	2011	0	1	1	63	308811.00	0.00
0	2011	0	1	1	64	314565.00	0.00
0	2011	0	1	1	65	238855.00	0.00
0	2011	0	1	1	66	254863.00	0.00
0	2011	0	1	1	67	237461.00	0.00
0	2011	0	1	1	68	225331.00	0.00
0	2011	0	1	1	69	195183.00	0.00
0	2011	0	1	1	70	187748.00	0.00
0	2011	0	1	1	71	197350.00	0.00
0	2011	0	1	1	72	194879.00	0.00
0	2011	0	1	1	73	189398.00	0.00
0	2011	0	1	1	74	182703.00	0.00
0	2011	0	1	1	75	175206.00	0.00
0	2011	0	1	1	76	168391.00	0.00
0	2011	0	1	1	77	159430.00	0.00
0	2011	0	1	1	78	157711.00	0.00
0	2011	0	1	1	79	154891.00	0.00
0	2011	0	1	1	80	152490.00	0.00
0	2011	0	1	1	81	141885.00	0.00
0	2011	0	1	1	82	132206.00	0.00
0	2011	0	1	1	83	121187.00	0.00
0	2011	0	1	1	84	115208.00	0.00
0	2011	0	1	1	85	106888.00	0.00
0	2011	0	1	1	86	98052.00	0.00
0	2011	0	1	1	87	90872.00	0.00
0	2011	0	1	1	88	82837.00	0.00
0	2011	0	1	1	89	77749.00	0.00
0	2011	0	1	1	90	71009.00	0.00
0	2011	0	1	1	91	54606.00	0.00
0	2011	0	1	1	92	33803.00	0.00
0	2011	0	1	1	93	25992.00	0.00
0	2011	0	1	1	94	24331.00	0.00
0	2011	0	1	1	95	19073.00	0.00
0	2011	0	1	1	96	15418.00	0.00
0	2011	0	1	1	97	11333.00	0.00
0	2011	0	1	1	98	7793.00	0.00
0	2011	0	1	1	99	5204.00	0.00
0	2011	0	1	1	100	8209.00	0.00
0	2011	0	1	1	101	0.00	0.00
0	2011	0	1	1	102	0.00	0.00
0	2011	0	1	1	103	0.00	0.00
0	2011	0	1	1	104	0.00	0.00
0	2011	0	1	1	105	0.00	0.00
0	2011	0	1	1	106	0.00	0.00
0	2011	0	1	1	107	0.00	0.00
0	2011	0	1	1	108	0.00	0.00
0	2011	0	1	1	109	0.00	0.00
0	2011	0	1	1	110	0.00	0.00
0	2011	0	1	1	111	0.00	0.00
0	2011	0	1	1	112	0.00	0.00
0	2011	0	1	1	113	0.00	0.00
0	2011	0	1	1	114	0.00	0.00
0	2011	0	1	1	115	0.00	0.00
0	2011	0	1	1	116	0.00	0.00
0	2011	0	1	1	117	0.00	0.00
0	2011	0	1	1	118	0.00	0.00
0	2011	0	1	1	119	0.00	0.00
0	2011	0	1	1	120	0.00	0.00
0	2011	1	0	0	0	30.00	0.00
0	2011	1	0	0	1	74.00	2.00
0	2011	1	0	0	2	110.00	2.00
0	2011	1	0	0	3	159.00	4.00
0	2011	1	0	0	4	212.00	1.00
0	2011	1	0	0	5	256.00	5.00
0	2011	1	0	0	6	317.00	3.00
0	2011	1	0	0	7	272.00	4.00
0	2011	1	0	0	8	302.00	2.00
0	2011	1	0	0	9	365.00	3.00
0	2011	1	0	0	10	386.00	3.00
0	2011	1	0	0	11	478.00	5.00
0	2011	1	0	0	12	467.00	11.00
0	2011	1	0	0	13	519.00	10.00
0	2011	1	0	0	14	545.00	9.00
0	2011	1	0	0	15	496.00	89.00
0	2011	1	0	0	16	445.00	197.00
0	2011	1	0	0	17	332.00	373.00
0	2011	1	0	0	18	455.00	394.00
0	2011	1	0	0	19	746.00	416.00
0	2011	1	0	0	20	979.00	597.00
0	2011	1	0	0	21	842.00	960.00
0	2011	1	0	0	22	564.00	1388.00
0	2011	1	0	0	23	596.00	1444.00
0	2011	1	0	0	24	555.00	1494.00
0	2011	1	0	0	25	855.00	1459.00
0	2011	1	0	0	26	1288.00	1351.00
0	2011	1	0	0	27	1484.00	1093.00
0	2011	1	0	0	28	1743.00	1132.00
0	2011	1	0	0	29	1946.00	1099.00
0	2011	1	0	0	30	2219.00	1023.00
0	2011	1	0	0	31	2728.00	774.00
0	2011	1	0	0	32	2861.00	535.00
0	2011	1	0	0	33	3165.00	437.00
0	2011	1	0	0	34	3360.00	427.00
0	2011	1	0	0	35	3399.00	350.00
0	2011	1	0	0	36	3440.00	276.00
0	2011	1	0	0	37	3756.00	217.00
0	2011	1	0	0	38	2924.00	206.00
0	2011	1	0	0	39	3055.00	181.00
0	2011	1	0	0	40	3169.00	174.00
0	2011	1	0	0	41	2956.00	161.00
0	2011	1	0	0	42	2655.00	114.00
0	2011	1	0	0	43	2463.00	92.00
0	2011	1	0	0	44	2107.00	92.00
0	2011	1	0	0	45	1729.00	92.00
0	2011	1	0	0	46	1536.00	66.00
0	2011	1	0	0	47	1798.00	44.00
0	2011	1	0	0	48	1716.00	43.00
0	2011	1	0	0	49	1709.00	24.00
0	2011	1	0	0	50	1483.00	40.00
0	2011	1	0	0	51	1557.00	27.00
0	2011	1	0	0	52	1549.00	13.00
0	2011	1	0	0	53	1434.00	9.00
0	2011	1	0	0	54	1281.00	8.00
0	2011	1	0	0	55	1149.00	7.00
0	2011	1	0	0	56	1011.00	5.00
0	2011	1	0	0	57	839.00	8.00
0	2011	1	0	0	58	718.00	8.00
0	2011	1	0	0	59	486.00	5.00
0	2011	1	0	0	60	329.00	5.00
0	2011	1	0	0	61	296.00	3.00
0	2011	1	0	0	62	242.00	1.00
0	2011	1	0	0	63	226.00	1.00
0	2011	1	0	0	64	228.00	0.00
0	2011	1	0	0	65	251.00	2.00
0	2011	1	0	0	66	302.00	0.00
0	2011	1	0	0	67	354.00	0.00
0	2011	1	0	0	68	480.00	0.00
0	2011	1	0	0	69	461.00	0.00
0	2011	1	0	0	70	689.00	0.00
0	2011	1	0	0	71	677.00	0.00
0	2011	1	0	0	72	616.00	0.00
0	2011	1	0	0	73	680.00	0.00
0	2011	1	0	0	74	701.00	0.00
0	2011	1	0	0	75	555.00	0.00
0	2011	1	0	0	76	453.00	0.00
0	2011	1	0	0	77	346.00	0.00
0	2011	1	0	0	78	365.00	0.00
0	2011	1	0	0	79	351.00	0.00
0	2011	1	0	0	80	298.00	0.00
0	2011	1	0	0	81	266.00	0.00
0	2011	1	0	0	82	135.00	0.00
0	2011	1	0	0	83	153.00	0.00
0	2011	1	0	0	84	114.00	0.00
0	2011	1	0	0	85	49.00	0.00
0	2011	1	0	0	86	51.00	0.00
0	2011	1	0	0	87	24.00	0.00
0	2011	1	0	0	88	22.00	0.00
0	2011	1	0	0	89	25.00	0.00
0	2011	1	0	0	90	18.00	0.00
0	2011	1	0	0	91	16.00	0.00
0	2011	1	0	0	92	7.00	0.00
0	2011	1	0	0	93	5.00	0.00
0	2011	1	0	0	94	3.00	0.00
0	2011	1	0	0	95	2.00	0.00
0	2011	1	0	0	96	4.00	0.00
0	2011	1	0	0	97	2.00	0.00
0	2011	1	0	0	98	0.00	0.00
0	2011	1	0	0	99	1.00	0.00
0	2011	1	0	0	100	0.00	0.00
0	2011	1	0	0	101	0.00	0.00
0	2011	1	0	0	102	0.00	1.00
0	2011	1	0	0	103	0.00	1.00
0	2011	1	0	0	104	0.00	1.00
0	2011	1	0	0	105	0.00	2.00
0	2011	1	0	0	106	0.00	1.00
0	2011	1	0	0	107	0.00	0.00
0	2011	1	0	0	108	0.00	0.00
0	2011	1	0	0	109	0.00	0.00
0	2011	1	0	0	110	0.00	1.00
0	2011	1	0	0	111	0.00	0.00
0	2011	1	0	0	112	0.00	0.00
0	2011	1	0	0	113	0.00	0.00
0	2011	1	0	0	114	0.00	0.00
0	2011	1	0	0	115	0.00	0.00
0	2011	1	0	0	116	0.00	0.00
0	2011	1	0	0	117	0.00	0.00
0	2011	1	0	0	118	0.00	0.00
0	2011	1	0	0	119	0.00	0.00
0	2011	1	0	0	120	0.00	0.00
0	2011	1	0	1	0	4827.00	0.00
0	2011	1	0	1	1	4810.00	0.00
0	2011	1	0	1	2	4760.00	0.00
0	2011	1	0	1	3	5134.00	0.00
0	2011	1	0	1	4	4934.00	0.00
0	2011	1	0	1	5	4936.00	0.00
0	2011	1	0	1	6	4717.00	0.00
0	2011	1	0	1	7	4774.00	0.00
0	2011	1	0	1	8	4732.00	0.00
0	2011	1	0	1	9	4432.00	0.00
0	2011	1	0	1	10	4121.00	0.00
0	2011	1	0	1	11	4018.00	0.00
0	2011	1	0	1	12	4071.00	0.00
0	2011	1	0	1	13	4056.00	0.00
0	2011	1	0	1	14	3762.00	0.00
0	2011	1	0	1	15	3782.00	0.00
0	2011	1	0	1	16	3332.00	0.00
0	2011	1	0	1	17	3112.00	0.00
0	2011	1	0	1	18	2969.00	0.00
0	2011	1	0	1	19	2802.00	0.00
0	2011	1	0	1	20	2868.00	0.00
0	2011	1	0	1	21	2605.00	0.00
0	2011	1	0	1	22	2319.00	0.00
0	2011	1	0	1	23	2370.00	0.00
0	2011	1	0	1	24	2135.00	0.00
0	2011	1	0	1	25	2066.00	0.00
0	2011	1	0	1	26	1929.00	0.00
0	2011	1	0	1	27	1859.00	0.00
0	2011	1	0	1	28	1699.00	0.00
0	2011	1	0	1	29	1435.00	0.00
0	2011	1	0	1	30	1376.00	0.00
0	2011	1	0	1	31	1059.00	0.00
0	2011	1	0	1	32	875.00	0.00
0	2011	1	0	1	33	778.00	0.00
0	2011	1	0	1	34	714.00	0.00
0	2011	1	0	1	35	568.00	0.00
0	2011	1	0	1	36	485.00	0.00
0	2011	1	0	1	37	526.00	0.00
0	2011	1	0	1	38	393.00	0.00
0	2011	1	0	1	39	407.00	0.00
0	2011	1	0	1	40	299.00	0.00
0	2011	1	0	1	41	232.00	0.00
0	2011	1	0	1	42	196.00	0.00
0	2011	1	0	1	43	157.00	0.00
0	2011	1	0	1	44	99.00	0.00
0	2011	1	0	1	45	83.00	0.00
0	2011	1	0	1	46	72.00	0.00
0	2011	1	0	1	47	64.00	0.00
0	2011	1	0	1	48	70.00	0.00
0	2011	1	0	1	49	37.00	0.00
0	2011	1	0	1	50	49.00	0.00
0	2011	1	0	1	51	44.00	0.00
0	2011	1	0	1	52	34.00	0.00
0	2011	1	0	1	53	40.00	0.00
0	2011	1	0	1	54	24.00	0.00
0	2011	1	0	1	55	32.00	0.00
0	2011	1	0	1	56	22.00	0.00
0	2011	1	0	1	57	20.00	0.00
0	2011	1	0	1	58	16.00	0.00
0	2011	1	0	1	59	10.00	0.00
0	2011	1	0	1	60	9.00	0.00
0	2011	1	0	1	61	8.00	0.00
0	2011	1	0	1	62	19.00	0.00
0	2011	1	0	1	63	10.00	0.00
0	2011	1	0	1	64	6.00	0.00
0	2011	1	0	1	65	6.00	0.00
0	2011	1	0	1	66	6.00	0.00
0	2011	1	0	1	67	15.00	0.00
0	2011	1	0	1	68	11.00	0.00
0	2011	1	0	1	69	16.00	0.00
0	2011	1	0	1	70	3.00	0.00
0	2011	1	0	1	71	9.00	0.00
0	2011	1	0	1	72	14.00	0.00
0	2011	1	0	1	73	9.00	0.00
0	2011	1	0	1	74	6.00	0.00
0	2011	1	0	1	75	6.00	0.00
0	2011	1	0	1	76	5.00	0.00
0	2011	1	0	1	77	6.00	0.00
0	2011	1	0	1	78	4.00	0.00
0	2011	1	0	1	79	2.00	0.00
0	2011	1	0	1	80	5.00	0.00
0	2011	1	0	1	81	6.00	0.00
0	2011	1	0	1	82	7.00	0.00
0	2011	1	0	1	83	3.00	0.00
0	2011	1	0	1	84	6.00	0.00
0	2011	1	0	1	85	3.00	0.00
0	2011	1	0	1	86	3.00	0.00
0	2011	1	0	1	87	0.00	0.00
0	2011	1	0	1	88	2.00	0.00
0	2011	1	0	1	89	2.00	0.00
0	2011	1	0	1	90	0.00	0.00
0	2011	1	0	1	91	0.00	0.00
0	2011	1	0	1	92	1.00	0.00
0	2011	1	0	1	93	0.00	0.00
0	2011	1	0	1	94	0.00	0.00
0	2011	1	0	1	95	0.00	0.00
0	2011	1	0	1	96	0.00	0.00
0	2011	1	0	1	97	0.00	0.00
0	2011	1	0	1	98	1.00	0.00
0	2011	1	0	1	99	0.00	0.00
0	2011	1	0	1	100	1.00	0.00
0	2011	1	0	1	101	0.00	0.00
0	2011	1	0	1	102	0.00	0.00
0	2011	1	0	1	103	0.00	0.00
0	2011	1	0	1	104	0.00	0.00
0	2011	1	0	1	105	0.00	0.00
0	2011	1	0	1	106	0.00	0.00
0	2011	1	0	1	107	0.00	0.00
0	2011	1	0	1	108	0.00	0.00
0	2011	1	0	1	109	0.00	0.00
0	2011	1	0	1	110	0.00	0.00
0	2011	1	0	1	111	0.00	0.00
0	2011	1	0	1	112	0.00	0.00
0	2011	1	0	1	113	0.00	0.00
0	2011	1	0	1	114	0.00	0.00
0	2011	1	0	1	115	0.00	0.00
0	2011	1	0	1	116	0.00	0.00
0	2011	1	0	1	117	0.00	0.00
0	2011	1	0	1	118	0.00	0.00
0	2011	1	0	1	119	0.00	0.00
0	2011	1	0	1	120	0.00	0.00
0	2011	1	1	0	0	32.00	0.00
0	2011	1	1	0	1	75.00	0.00
0	2011	1	1	0	2	100.00	0.00
0	2011	1	1	0	3	155.00	1.00
0	2011	1	1	0	4	190.00	3.00
0	2011	1	1	0	5	261.00	4.00
0	2011	1	1	0	6	285.00	2.00
0	2011	1	1	0	7	279.00	4.00
0	2011	1	1	0	8	314.00	8.00
0	2011	1	1	0	9	317.00	4.00
0	2011	1	1	0	10	372.00	44.00
0	2011	1	1	0	11	323.00	112.00
0	2011	1	1	0	12	226.00	212.00
0	2011	1	1	0	13	252.00	229.00
0	2011	1	1	0	14	194.00	270.00
0	2011	1	1	0	15	191.00	322.00
0	2011	1	1	0	16	15.00	502.00
0	2011	1	1	0	17	0.00	689.00
0	2011	1	1	0	18	0.00	769.00
0	2011	1	1	0	19	0.00	780.00
0	2011	1	1	0	20	0.00	847.00
0	2011	1	1	0	21	371.00	843.00
0	2011	1	1	0	22	881.00	831.00
0	2011	1	1	0	23	1250.00	850.00
0	2011	1	1	0	24	1418.00	874.00
0	2011	1	1	0	25	1696.00	791.00
0	2011	1	1	0	26	2144.00	613.00
0	2011	1	1	0	27	2553.00	388.00
0	2011	1	1	0	28	2740.00	356.00
0	2011	1	1	0	29	3117.00	303.00
0	2011	1	1	0	30	3088.00	290.00
0	2011	1	1	0	31	3248.00	214.00
0	2011	1	1	0	32	3141.00	103.00
0	2011	1	1	0	33	3234.00	100.00
0	2011	1	1	0	34	3436.00	86.00
0	2011	1	1	0	35	3125.00	68.00
0	2011	1	1	0	36	3285.00	53.00
0	2011	1	1	0	37	3170.00	45.00
0	2011	1	1	0	38	2535.00	43.00
0	2011	1	1	0	39	2529.00	27.00
0	2011	1	1	0	40	2241.00	22.00
0	2011	1	1	0	41	1992.00	19.00
0	2011	1	1	0	42	1826.00	16.00
0	2011	1	1	0	43	1717.00	13.00
0	2011	1	1	0	44	1527.00	16.00
0	2011	1	1	0	45	1385.00	20.00
0	2011	1	1	0	46	1251.00	8.00
0	2011	1	1	0	47	1274.00	9.00
0	2011	1	1	0	48	1178.00	4.00
0	2011	1	1	0	49	1037.00	2.00
0	2011	1	1	0	50	916.00	2.00
0	2011	1	1	0	51	924.00	2.00
0	2011	1	1	0	52	902.00	2.00
0	2011	1	1	0	53	999.00	0.00
0	2011	1	1	0	54	1158.00	0.00
0	2011	1	1	0	55	951.00	0.00
0	2011	1	1	0	56	1098.00	0.00
0	2011	1	1	0	57	1036.00	0.00
0	2011	1	1	0	58	1230.00	0.00
0	2011	1	1	0	59	1106.00	0.00
0	2011	1	1	0	60	1039.00	0.00
0	2011	1	1	0	61	884.00	0.00
0	2011	1	1	0	62	695.00	0.00
0	2011	1	1	0	63	649.00	0.00
0	2011	1	1	0	64	574.00	0.00
0	2011	1	1	0	65	522.00	0.00
0	2011	1	1	0	66	481.00	0.00
0	2011	1	1	0	67	524.00	0.00
0	2011	1	1	0	68	546.00	0.00
0	2011	1	1	0	69	521.00	0.00
0	2011	1	1	0	70	642.00	0.00
0	2011	1	1	0	71	626.00	0.00
0	2011	1	1	0	72	535.00	0.00
0	2011	1	1	0	73	436.00	0.00
0	2011	1	1	0	74	411.00	0.00
0	2011	1	1	0	75	409.00	0.00
0	2011	1	1	0	76	344.00	0.00
0	2011	1	1	0	77	293.00	0.00
0	2011	1	1	0	78	238.00	0.00
0	2011	1	1	0	79	162.00	0.00
0	2011	1	1	0	80	195.00	0.00
0	2011	1	1	0	81	144.00	0.00
0	2011	1	1	0	82	100.00	0.00
0	2011	1	1	0	83	70.00	0.00
0	2011	1	1	0	84	41.00	0.00
0	2011	1	1	0	85	52.00	0.00
0	2011	1	1	0	86	46.00	0.00
0	2011	1	1	0	87	37.00	0.00
0	2011	1	1	0	88	20.00	0.00
0	2011	1	1	0	89	17.00	0.00
0	2011	1	1	0	90	24.00	0.00
0	2011	1	1	0	91	7.00	0.00
0	2011	1	1	0	92	4.00	0.00
0	2011	1	1	0	93	6.00	0.00
0	2011	1	1	0	94	7.00	0.00
0	2011	1	1	0	95	2.00	0.00
0	2011	1	1	0	96	4.00	0.00
0	2011	1	1	0	97	3.00	0.00
0	2011	1	1	0	98	0.00	0.00
0	2011	1	1	0	99	0.00	0.00
0	2011	1	1	0	100	3.00	0.00
0	2011	1	1	0	101	0.00	0.00
0	2011	1	1	0	102	0.00	0.00
0	2011	1	1	0	103	0.00	0.00
0	2011	1	1	0	104	0.00	0.00
0	2011	1	1	0	105	0.00	0.00
0	2011	1	1	0	106	0.00	0.00
0	2011	1	1	0	107	0.00	0.00
0	2011	1	1	0	108	0.00	0.00
0	2011	1	1	0	109	0.00	0.00
0	2011	1	1	0	110	0.00	0.00
0	2011	1	1	0	111	0.00	0.00
0	2011	1	1	0	112	0.00	0.00
0	2011	1	1	0	113	0.00	0.00
0	2011	1	1	0	114	0.00	0.00
0	2011	1	1	0	115	0.00	0.00
0	2011	1	1	0	116	0.00	0.00
0	2011	1	1	0	117	0.00	0.00
0	2011	1	1	0	118	0.00	0.00
0	2011	1	1	0	119	0.00	0.00
0	2011	1	1	0	120	0.00	0.00
0	2011	1	1	1	0	4752.00	0.00
0	2011	1	1	1	1	4697.00	0.00
0	2011	1	1	1	2	4866.00	0.00
0	2011	1	1	1	3	4931.00	0.00
0	2011	1	1	1	4	4890.00	0.00
0	2011	1	1	1	5	4712.00	0.00
0	2011	1	1	1	6	4635.00	0.00
0	2011	1	1	1	7	4722.00	0.00
0	2011	1	1	1	8	4451.00	0.00
0	2011	1	1	1	9	4475.00	0.00
0	2011	1	1	1	10	4057.00	0.00
0	2011	1	1	1	11	3775.00	0.00
0	2011	1	1	1	12	3823.00	0.00
0	2011	1	1	1	13	3845.00	0.00
0	2011	1	1	1	14	3715.00	0.00
0	2011	1	1	1	15	3613.00	0.00
0	2011	1	1	1	16	3354.00	0.00
0	2011	1	1	1	17	3026.00	0.00
0	2011	1	1	1	18	2878.00	0.00
0	2011	1	1	1	19	2834.00	0.00
0	2011	1	1	1	20	2837.00	0.00
0	2011	1	1	1	21	2553.00	0.00
0	2011	1	1	1	22	2404.00	0.00
0	2011	1	1	1	23	2388.00	0.00
0	2011	1	1	1	24	2160.00	0.00
0	2011	1	1	1	25	1926.00	0.00
0	2011	1	1	1	26	1803.00	0.00
0	2011	1	1	1	27	1827.00	0.00
0	2011	1	1	1	28	1635.00	0.00
0	2011	1	1	1	29	1508.00	0.00
0	2011	1	1	1	30	1354.00	0.00
0	2011	1	1	1	31	1149.00	0.00
0	2011	1	1	1	32	928.00	0.00
0	2011	1	1	1	33	780.00	0.00
0	2011	1	1	1	34	783.00	0.00
0	2011	1	1	1	35	542.00	0.00
0	2011	1	1	1	36	517.00	0.00
0	2011	1	1	1	37	541.00	0.00
0	2011	1	1	1	38	404.00	0.00
0	2011	1	1	1	39	390.00	0.00
0	2011	1	1	1	40	325.00	0.00
0	2011	1	1	1	41	272.00	0.00
0	2011	1	1	1	42	172.00	0.00
0	2011	1	1	1	43	135.00	0.00
0	2011	1	1	1	44	121.00	0.00
0	2011	1	1	1	45	83.00	0.00
0	2011	1	1	1	46	73.00	0.00
0	2011	1	1	1	47	54.00	0.00
0	2011	1	1	1	48	45.00	0.00
0	2011	1	1	1	49	34.00	0.00
0	2011	1	1	1	50	25.00	0.00
0	2011	1	1	1	51	37.00	0.00
0	2011	1	1	1	52	34.00	0.00
0	2011	1	1	1	53	36.00	0.00
0	2011	1	1	1	54	19.00	0.00
0	2011	1	1	1	55	23.00	0.00
0	2011	1	1	1	56	19.00	0.00
0	2011	1	1	1	57	22.00	0.00
0	2011	1	1	1	58	25.00	0.00
0	2011	1	1	1	59	23.00	0.00
0	2011	1	1	1	60	18.00	0.00
0	2011	1	1	1	61	14.00	0.00
0	2011	1	1	1	62	15.00	0.00
0	2011	1	1	1	63	11.00	0.00
0	2011	1	1	1	64	6.00	0.00
0	2011	1	1	1	65	6.00	0.00
0	2011	1	1	1	66	7.00	0.00
0	2011	1	1	1	67	8.00	0.00
0	2011	1	1	1	68	9.00	0.00
0	2011	1	1	1	69	11.00	0.00
0	2011	1	1	1	70	7.00	0.00
0	2011	1	1	1	71	11.00	0.00
0	2011	1	1	1	72	14.00	0.00
0	2011	1	1	1	73	7.00	0.00
0	2011	1	1	1	74	4.00	0.00
0	2011	1	1	1	75	8.00	0.00
0	2011	1	1	1	76	6.00	0.00
0	2011	1	1	1	77	7.00	0.00
0	2011	1	1	1	78	5.00	0.00
0	2011	1	1	1	79	5.00	0.00
0	2011	1	1	1	80	1.00	0.00
0	2011	1	1	1	81	2.00	0.00
0	2011	1	1	1	82	0.00	0.00
0	2011	1	1	1	83	1.00	0.00
0	2011	1	1	1	84	1.00	0.00
0	2011	1	1	1	85	1.00	0.00
0	2011	1	1	1	86	0.00	0.00
0	2011	1	1	1	87	2.00	0.00
0	2011	1	1	1	88	0.00	0.00
0	2011	1	1	1	89	5.00	0.00
0	2011	1	1	1	90	0.00	0.00
0	2011	1	1	1	91	0.00	0.00
0	2011	1	1	1	92	0.00	0.00
0	2011	1	1	1	93	0.00	0.00
0	2011	1	1	1	94	0.00	0.00
0	2011	1	1	1	95	0.00	0.00
0	2011	1	1	1	96	0.00	0.00
0	2011	1	1	1	97	0.00	0.00
0	2011	1	1	1	98	0.00	0.00
0	2011	1	1	1	99	0.00	0.00
0	2011	1	1	1	100	2.00	0.00
0	2011	1	1	1	101	0.00	0.00
0	2011	1	1	1	102	0.00	0.00
0	2011	1	1	1	103	0.00	0.00
0	2011	1	1	1	104	0.00	0.00
0	2011	1	1	1	105	0.00	0.00
0	2011	1	1	1	106	0.00	0.00
0	2011	1	1	1	107	0.00	0.00
0	2011	1	1	1	108	0.00	0.00
0	2011	1	1	1	109	0.00	0.00
0	2011	1	1	1	110	0.00	0.00
0	2011	1	1	1	111	0.00	0.00
0	2011	1	1	1	112	0.00	0.00
0	2011	1	1	1	113	0.00	0.00
0	2011	1	1	1	114	0.00	0.00
0	2011	1	1	1	115	0.00	0.00
0	2011	1	1	1	116	0.00	0.00
0	2011	1	1	1	117	0.00	0.00
0	2011	1	1	1	118	0.00	0.00
0	2011	1	1	1	119	0.00	0.00
0	2011	1	1	1	120	0.00	0.00
0	2011	2	0	0	0	270.00	15.00
0	2011	2	0	0	1	444.00	39.00
0	2011	2	0	0	2	686.00	52.00
0	2011	2	0	0	3	935.00	64.00
0	2011	2	0	0	4	1127.00	70.00
0	2011	2	0	0	5	1476.00	76.00
0	2011	2	0	0	6	1674.00	73.00
0	2011	2	0	0	7	1996.00	84.00
0	2011	2	0	0	8	2301.00	112.00
0	2011	2	0	0	9	2889.00	99.00
0	2011	2	0	0	10	3350.00	114.00
0	2011	2	0	0	11	3794.00	127.00
0	2011	2	0	0	12	3700.00	122.00
0	2011	2	0	0	13	4122.00	165.00
0	2011	2	0	0	14	4093.00	150.00
0	2011	2	0	0	15	4191.00	412.00
0	2011	2	0	0	16	3824.00	683.00
0	2011	2	0	0	17	3874.00	853.00
0	2011	2	0	0	18	4016.00	963.00
0	2011	2	0	0	19	3938.00	1092.00
0	2011	2	0	0	20	4373.00	1183.00
0	2011	2	0	0	21	4468.00	1283.00
0	2011	2	0	0	22	4178.00	1467.00
0	2011	2	0	0	23	3975.00	1409.00
0	2011	2	0	0	24	4218.00	1495.00
0	2011	2	0	0	25	4805.00	1601.00
0	2011	2	0	0	26	4718.00	1621.00
0	2011	2	0	0	27	5100.00	1714.00
0	2011	2	0	0	28	5308.00	1825.00
0	2011	2	0	0	29	4928.00	1917.00
0	2011	2	0	0	30	6098.00	1843.00
0	2011	2	0	0	31	6476.00	1649.00
0	2011	2	0	0	32	6880.00	1701.00
0	2011	2	0	0	33	6656.00	1576.00
0	2011	2	0	0	34	7072.00	1460.00
0	2011	2	0	0	35	7159.00	1395.00
0	2011	2	0	0	36	7387.00	1203.00
0	2011	2	0	0	37	6822.00	1039.00
0	2011	2	0	0	38	7271.00	969.00
0	2011	2	0	0	39	6069.00	888.00
0	2011	2	0	0	40	7303.00	732.00
0	2011	2	0	0	41	6899.00	640.00
0	2011	2	0	0	42	6897.00	545.00
0	2011	2	0	0	43	6207.00	511.00
0	2011	2	0	0	44	6050.00	476.00
0	2011	2	0	0	45	6061.00	404.00
0	2011	2	0	0	46	5708.00	329.00
0	2011	2	0	0	47	5092.00	314.00
0	2011	2	0	0	48	5078.00	245.00
0	2011	2	0	0	49	3994.00	241.00
0	2011	2	0	0	50	4846.00	212.00
0	2011	2	0	0	51	4303.00	160.00
0	2011	2	0	0	52	3777.00	154.00
0	2011	2	0	0	53	3351.00	138.00
0	2011	2	0	0	54	3021.00	130.00
0	2011	2	0	0	55	2707.00	129.00
0	2011	2	0	0	56	2539.00	113.00
0	2011	2	0	0	57	2000.00	81.00
0	2011	2	0	0	58	1899.00	73.00
0	2011	2	0	0	59	1424.00	75.00
0	2011	2	0	0	60	1544.00	57.00
0	2011	2	0	0	61	1393.00	40.00
0	2011	2	0	0	62	1245.00	39.00
0	2011	2	0	0	63	1027.00	28.00
0	2011	2	0	0	64	873.00	24.00
0	2011	2	0	0	65	811.00	26.00
0	2011	2	0	0	66	785.00	21.00
0	2011	2	0	0	67	650.00	16.00
0	2011	2	0	0	68	754.00	17.00
0	2011	2	0	0	69	555.00	16.00
0	2011	2	0	0	70	725.00	12.00
0	2011	2	0	0	71	783.00	8.00
0	2011	2	0	0	72	728.00	5.00
0	2011	2	0	0	73	607.00	9.00
0	2011	2	0	0	74	605.00	2.00
0	2011	2	0	0	75	555.00	6.00
0	2011	2	0	0	76	483.00	3.00
0	2011	2	0	0	77	330.00	5.00
0	2011	2	0	0	78	323.00	1.00
0	2011	2	0	0	79	237.00	2.00
0	2011	2	0	0	80	207.00	1.00
0	2011	2	0	0	81	170.00	1.00
0	2011	2	0	0	82	156.00	1.00
0	2011	2	0	0	83	98.00	0.00
0	2011	2	0	0	84	100.00	1.00
0	2011	2	0	0	85	71.00	1.00
0	2011	2	0	0	86	65.00	2.00
0	2011	2	0	0	87	52.00	0.00
0	2011	2	0	0	88	59.00	0.00
0	2011	2	0	0	89	20.00	0.00
0	2011	2	0	0	90	23.00	0.00
0	2011	2	0	0	91	17.00	0.00
0	2011	2	0	0	92	12.00	0.00
0	2011	2	0	0	93	11.00	0.00
0	2011	2	0	0	94	12.00	0.00
0	2011	2	0	0	95	5.00	0.00
0	2011	2	0	0	96	4.00	0.00
0	2011	2	0	0	97	4.00	0.00
0	2011	2	0	0	98	3.00	0.00
0	2011	2	0	0	99	3.00	0.00
0	2011	2	0	0	100	0.00	25.00
0	2011	2	0	0	101	0.00	36.00
0	2011	2	0	0	102	0.00	44.00
0	2011	2	0	0	103	0.00	56.00
0	2011	2	0	0	104	0.00	67.00
0	2011	2	0	0	105	0.00	44.00
0	2011	2	0	0	106	0.00	45.00
0	2011	2	0	0	107	0.00	31.00
0	2011	2	0	0	108	0.00	15.00
0	2011	2	0	0	109	0.00	12.00
0	2011	2	0	0	110	0.00	4.00
0	2011	2	0	0	111	0.00	1.00
0	2011	2	0	0	112	0.00	0.00
0	2011	2	0	0	113	0.00	0.00
0	2011	2	0	0	114	0.00	0.00
0	2011	2	0	0	115	0.00	0.00
0	2011	2	0	0	116	0.00	0.00
0	2011	2	0	0	117	0.00	0.00
0	2011	2	0	0	118	0.00	0.00
0	2011	2	0	0	119	0.00	0.00
0	2011	2	0	0	120	0.00	0.00
0	2011	2	0	1	0	10414.00	0.00
0	2011	2	0	1	1	10205.00	0.00
0	2011	2	0	1	2	10245.00	0.00
0	2011	2	0	1	3	10350.00	0.00
0	2011	2	0	1	4	9534.00	0.00
0	2011	2	0	1	5	9033.00	0.00
0	2011	2	0	1	6	7821.00	0.00
0	2011	2	0	1	7	6707.00	0.00
0	2011	2	0	1	8	5808.00	0.00
0	2011	2	0	1	9	5125.00	0.00
0	2011	2	0	1	10	4676.00	0.00
0	2011	2	0	1	11	4236.00	0.00
0	2011	2	0	1	12	4097.00	0.00
0	2011	2	0	1	13	3919.00	0.00
0	2011	2	0	1	14	3938.00	0.00
0	2011	2	0	1	15	3732.00	0.00
0	2011	2	0	1	16	3275.00	0.00
0	2011	2	0	1	17	3285.00	0.00
0	2011	2	0	1	18	2989.00	0.00
0	2011	2	0	1	19	2649.00	0.00
0	2011	2	0	1	20	2613.00	0.00
0	2011	2	0	1	21	2252.00	0.00
0	2011	2	0	1	22	1807.00	0.00
0	2011	2	0	1	23	1547.00	0.00
0	2011	2	0	1	24	1369.00	0.00
0	2011	2	0	1	25	1263.00	0.00
0	2011	2	0	1	26	1167.00	0.00
0	2011	2	0	1	27	1015.00	0.00
0	2011	2	0	1	28	1182.00	0.00
0	2011	2	0	1	29	1322.00	0.00
0	2011	2	0	1	30	1227.00	0.00
0	2011	2	0	1	31	1195.00	0.00
0	2011	2	0	1	32	1136.00	0.00
0	2011	2	0	1	33	951.00	0.00
0	2011	2	0	1	34	1013.00	0.00
0	2011	2	0	1	35	966.00	0.00
0	2011	2	0	1	36	1019.00	0.00
0	2011	2	0	1	37	893.00	0.00
0	2011	2	0	1	38	991.00	0.00
0	2011	2	0	1	39	997.00	0.00
0	2011	2	0	1	40	1156.00	0.00
0	2011	2	0	1	41	1150.00	0.00
0	2011	2	0	1	42	1328.00	0.00
0	2011	2	0	1	43	1377.00	0.00
0	2011	2	0	1	44	1382.00	0.00
0	2011	2	0	1	45	1261.00	0.00
0	2011	2	0	1	46	1129.00	0.00
0	2011	2	0	1	47	838.00	0.00
0	2011	2	0	1	48	639.00	0.00
0	2011	2	0	1	49	461.00	0.00
0	2011	2	0	1	50	382.00	0.00
0	2011	2	0	1	51	320.00	0.00
0	2011	2	0	1	52	232.00	0.00
0	2011	2	0	1	53	163.00	0.00
0	2011	2	0	1	54	124.00	0.00
0	2011	2	0	1	55	119.00	0.00
0	2011	2	0	1	56	95.00	0.00
0	2011	2	0	1	57	63.00	0.00
0	2011	2	0	1	58	64.00	0.00
0	2011	2	0	1	59	43.00	0.00
0	2011	2	0	1	60	39.00	0.00
0	2011	2	0	1	61	38.00	0.00
0	2011	2	0	1	62	34.00	0.00
0	2011	2	0	1	63	28.00	0.00
0	2011	2	0	1	64	36.00	0.00
0	2011	2	0	1	65	21.00	0.00
0	2011	2	0	1	66	16.00	0.00
0	2011	2	0	1	67	19.00	0.00
0	2011	2	0	1	68	23.00	0.00
0	2011	2	0	1	69	16.00	0.00
0	2011	2	0	1	70	17.00	0.00
0	2011	2	0	1	71	28.00	0.00
0	2011	2	0	1	72	13.00	0.00
0	2011	2	0	1	73	18.00	0.00
0	2011	2	0	1	74	11.00	0.00
0	2011	2	0	1	75	15.00	0.00
0	2011	2	0	1	76	18.00	0.00
0	2011	2	0	1	77	12.00	0.00
0	2011	2	0	1	78	7.00	0.00
0	2011	2	0	1	79	4.00	0.00
0	2011	2	0	1	80	8.00	0.00
0	2011	2	0	1	81	3.00	0.00
0	2011	2	0	1	82	7.00	0.00
0	2011	2	0	1	83	4.00	0.00
0	2011	2	0	1	84	10.00	0.00
0	2011	2	0	1	85	4.00	0.00
0	2011	2	0	1	86	2.00	0.00
0	2011	2	0	1	87	3.00	0.00
0	2011	2	0	1	88	2.00	0.00
0	2011	2	0	1	89	2.00	0.00
0	2011	2	0	1	90	5.00	0.00
0	2011	2	0	1	91	2.00	0.00
0	2011	2	0	1	92	2.00	0.00
0	2011	2	0	1	93	1.00	0.00
0	2011	2	0	1	94	0.00	0.00
0	2011	2	0	1	95	1.00	0.00
0	2011	2	0	1	96	0.00	0.00
0	2011	2	0	1	97	3.00	0.00
0	2011	2	0	1	98	0.00	0.00
0	2011	2	0	1	99	3.00	0.00
0	2011	2	0	1	100	4.00	0.00
0	2011	2	0	1	101	0.00	0.00
0	2011	2	0	1	102	0.00	0.00
0	2011	2	0	1	103	0.00	0.00
0	2011	2	0	1	104	0.00	0.00
0	2011	2	0	1	105	0.00	0.00
0	2011	2	0	1	106	0.00	0.00
0	2011	2	0	1	107	0.00	0.00
0	2011	2	0	1	108	0.00	0.00
0	2011	2	0	1	109	0.00	0.00
0	2011	2	0	1	110	0.00	0.00
0	2011	2	0	1	111	0.00	0.00
0	2011	2	0	1	112	0.00	0.00
0	2011	2	0	1	113	0.00	0.00
0	2011	2	0	1	114	0.00	0.00
0	2011	2	0	1	115	0.00	0.00
0	2011	2	0	1	116	0.00	0.00
0	2011	2	0	1	117	0.00	0.00
0	2011	2	0	1	118	0.00	0.00
0	2011	2	0	1	119	0.00	0.00
0	2011	2	0	1	120	0.00	0.00
0	2011	2	1	0	0	278.00	16.00
0	2011	2	1	0	1	499.00	34.00
0	2011	2	1	0	2	673.00	63.00
0	2011	2	1	0	3	917.00	72.00
0	2011	2	1	0	4	1135.00	70.00
0	2011	2	1	0	5	1512.00	100.00
0	2011	2	1	0	6	1532.00	120.00
0	2011	2	1	0	7	2056.00	122.00
0	2011	2	1	0	8	2322.00	138.00
0	2011	2	1	0	9	2655.00	129.00
0	2011	2	1	0	10	3002.00	385.00
0	2011	2	1	0	11	3161.00	593.00
0	2011	2	1	0	12	3184.00	788.00
0	2011	2	1	0	13	3327.00	950.00
0	2011	2	1	0	14	3270.00	1012.00
0	2011	2	1	0	15	3375.00	1170.00
0	2011	2	1	0	16	3292.00	1329.00
0	2011	2	1	0	17	3492.00	1377.00
0	2011	2	1	0	18	3817.00	1481.00
0	2011	2	1	0	19	3914.00	1436.00
0	2011	2	1	0	20	4163.00	1557.00
0	2011	2	1	0	21	4479.00	1611.00
0	2011	2	1	0	22	4645.00	1663.00
0	2011	2	1	0	23	5001.00	1746.00
0	2011	2	1	0	24	5340.00	1799.00
0	2011	2	1	0	25	5826.00	1596.00
0	2011	2	1	0	26	6143.00	1485.00
0	2011	2	1	0	27	6716.00	1289.00
0	2011	2	1	0	28	7511.00	1260.00
0	2011	2	1	0	29	7327.00	1147.00
0	2011	2	1	0	30	8295.00	983.00
0	2011	2	1	0	31	8894.00	876.00
0	2011	2	1	0	32	9000.00	739.00
0	2011	2	1	0	33	8923.00	636.00
0	2011	2	1	0	34	9382.00	579.00
0	2011	2	1	0	35	9328.00	489.00
0	2011	2	1	0	36	9258.00	420.00
0	2011	2	1	0	37	8549.00	382.00
0	2011	2	1	0	38	8791.00	312.00
0	2011	2	1	0	39	7196.00	274.00
0	2011	2	1	0	40	8351.00	235.00
0	2011	2	1	0	41	8076.00	212.00
0	2011	2	1	0	42	7956.00	210.00
0	2011	2	1	0	43	7180.00	164.00
0	2011	2	1	0	44	6803.00	159.00
0	2011	2	1	0	45	6611.00	162.00
0	2011	2	1	0	46	6475.00	122.00
0	2011	2	1	0	47	5672.00	104.00
0	2011	2	1	0	48	5539.00	96.00
0	2011	2	1	0	49	4298.00	83.00
0	2011	2	1	0	50	5161.00	71.00
0	2011	2	1	0	51	4431.00	62.00
0	2011	2	1	0	52	3873.00	53.00
0	2011	2	1	0	53	3272.00	49.00
0	2011	2	1	0	54	3031.00	39.00
0	2011	2	1	0	55	2665.00	37.00
0	2011	2	1	0	56	2634.00	37.00
0	2011	2	1	0	57	2152.00	29.00
0	2011	2	1	0	58	2061.00	34.00
0	2011	2	1	0	59	1490.00	37.00
0	2011	2	1	0	60	1667.00	25.00
0	2011	2	1	0	61	1572.00	16.00
0	2011	2	1	0	62	1509.00	21.00
0	2011	2	1	0	63	1239.00	21.00
0	2011	2	1	0	64	1194.00	15.00
0	2011	2	1	0	65	1252.00	11.00
0	2011	2	1	0	66	1152.00	12.00
0	2011	2	1	0	67	1011.00	10.00
0	2011	2	1	0	68	1107.00	9.00
0	2011	2	1	0	69	813.00	9.00
0	2011	2	1	0	70	971.00	5.00
0	2011	2	1	0	71	1030.00	4.00
0	2011	2	1	0	72	842.00	3.00
0	2011	2	1	0	73	643.00	1.00
0	2011	2	1	0	74	614.00	3.00
0	2011	2	1	0	75	527.00	3.00
0	2011	2	1	0	76	449.00	1.00
0	2011	2	1	0	77	391.00	3.00
0	2011	2	1	0	78	333.00	0.00
0	2011	2	1	0	79	287.00	0.00
0	2011	2	1	0	80	256.00	1.00
0	2011	2	1	0	81	251.00	1.00
0	2011	2	1	0	82	168.00	0.00
0	2011	2	1	0	83	128.00	0.00
0	2011	2	1	0	84	109.00	0.00
0	2011	2	1	0	85	97.00	0.00
0	2011	2	1	0	86	72.00	0.00
0	2011	2	1	0	87	39.00	0.00
0	2011	2	1	0	88	55.00	0.00
0	2011	2	1	0	89	34.00	0.00
0	2011	2	1	0	90	26.00	0.00
0	2011	2	1	0	91	34.00	0.00
0	2011	2	1	0	92	13.00	0.00
0	2011	2	1	0	93	13.00	0.00
0	2011	2	1	0	94	7.00	0.00
0	2011	2	1	0	95	10.00	0.00
0	2011	2	1	0	96	11.00	0.00
0	2011	2	1	0	97	0.00	0.00
0	2011	2	1	0	98	8.00	0.00
0	2011	2	1	0	99	3.00	0.00
0	2011	2	1	0	100	9.00	0.00
0	2011	2	1	0	101	0.00	0.00
0	2011	2	1	0	102	0.00	0.00
0	2011	2	1	0	103	0.00	0.00
0	2011	2	1	0	104	0.00	0.00
0	2011	2	1	0	105	0.00	0.00
0	2011	2	1	0	106	0.00	0.00
0	2011	2	1	0	107	0.00	0.00
0	2011	2	1	0	108	0.00	0.00
0	2011	2	1	0	109	0.00	0.00
0	2011	2	1	0	110	0.00	0.00
0	2011	2	1	0	111	0.00	0.00
0	2011	2	1	0	112	0.00	0.00
0	2011	2	1	0	113	0.00	0.00
0	2011	2	1	0	114	0.00	0.00
0	2011	2	1	0	115	0.00	0.00
0	2011	2	1	0	116	0.00	0.00
0	2011	2	1	0	117	0.00	0.00
0	2011	2	1	0	118	0.00	0.00
0	2011	2	1	0	119	0.00	0.00
0	2011	2	1	0	120	0.00	0.00
0	2011	2	1	1	0	10148.00	0.00
0	2011	2	1	1	1	9902.00	0.00
0	2011	2	1	1	2	10135.00	0.00
0	2011	2	1	1	3	9790.00	0.00
0	2011	2	1	1	4	9481.00	0.00
0	2011	2	1	1	5	9119.00	0.00
0	2011	2	1	1	6	7677.00	0.00
0	2011	2	1	1	7	6807.00	0.00
0	2011	2	1	1	8	5716.00	0.00
0	2011	2	1	1	9	4982.00	0.00
0	2011	2	1	1	10	4691.00	0.00
0	2011	2	1	1	11	4146.00	0.00
0	2011	2	1	1	12	3982.00	0.00
0	2011	2	1	1	13	3822.00	0.00
0	2011	2	1	1	14	3868.00	0.00
0	2011	2	1	1	15	3687.00	0.00
0	2011	2	1	1	16	3435.00	0.00
0	2011	2	1	1	17	3174.00	0.00
0	2011	2	1	1	18	3114.00	0.00
0	2011	2	1	1	19	2927.00	0.00
0	2011	2	1	1	20	2440.00	0.00
0	2011	2	1	1	21	2064.00	0.00
0	2011	2	1	1	22	1713.00	0.00
0	2011	2	1	1	23	1515.00	0.00
0	2011	2	1	1	24	1404.00	0.00
0	2011	2	1	1	25	1210.00	0.00
0	2011	2	1	1	26	1134.00	0.00
0	2011	2	1	1	27	1040.00	0.00
0	2011	2	1	1	28	1189.00	0.00
0	2011	2	1	1	29	1157.00	0.00
0	2011	2	1	1	30	1173.00	0.00
0	2011	2	1	1	31	1226.00	0.00
0	2011	2	1	1	32	1226.00	0.00
0	2011	2	1	1	33	1043.00	0.00
0	2011	2	1	1	34	995.00	0.00
0	2011	2	1	1	35	990.00	0.00
0	2011	2	1	1	36	914.00	0.00
0	2011	2	1	1	37	1038.00	0.00
0	2011	2	1	1	38	1015.00	0.00
0	2011	2	1	1	39	1102.00	0.00
0	2011	2	1	1	40	1273.00	0.00
0	2011	2	1	1	41	1276.00	0.00
0	2011	2	1	1	42	1423.00	0.00
0	2011	2	1	1	43	1460.00	0.00
0	2011	2	1	1	44	1511.00	0.00
0	2011	2	1	1	45	1435.00	0.00
0	2011	2	1	1	46	1185.00	0.00
0	2011	2	1	1	47	917.00	0.00
0	2011	2	1	1	48	709.00	0.00
0	2011	2	1	1	49	526.00	0.00
0	2011	2	1	1	50	413.00	0.00
0	2011	2	1	1	51	304.00	0.00
0	2011	2	1	1	52	216.00	0.00
0	2011	2	1	1	53	178.00	0.00
0	2011	2	1	1	54	137.00	0.00
0	2011	2	1	1	55	118.00	0.00
0	2011	2	1	1	56	81.00	0.00
0	2011	2	1	1	57	79.00	0.00
0	2011	2	1	1	58	68.00	0.00
0	2011	2	1	1	59	55.00	0.00
0	2011	2	1	1	60	54.00	0.00
0	2011	2	1	1	61	40.00	0.00
0	2011	2	1	1	62	33.00	0.00
0	2011	2	1	1	63	19.00	0.00
0	2011	2	1	1	64	30.00	0.00
0	2011	2	1	1	65	24.00	0.00
0	2011	2	1	1	66	32.00	0.00
0	2011	2	1	1	67	25.00	0.00
0	2011	2	1	1	68	44.00	0.00
0	2011	2	1	1	69	26.00	0.00
0	2011	2	1	1	70	23.00	0.00
0	2011	2	1	1	71	19.00	0.00
0	2011	2	1	1	72	29.00	0.00
0	2011	2	1	1	73	18.00	0.00
0	2011	2	1	1	74	24.00	0.00
0	2011	2	1	1	75	15.00	0.00
0	2011	2	1	1	76	16.00	0.00
0	2011	2	1	1	77	10.00	0.00
0	2011	2	1	1	78	7.00	0.00
0	2011	2	1	1	79	9.00	0.00
0	2011	2	1	1	80	8.00	0.00
0	2011	2	1	1	81	6.00	0.00
0	2011	2	1	1	82	9.00	0.00
0	2011	2	1	1	83	5.00	0.00
0	2011	2	1	1	84	5.00	0.00
0	2011	2	1	1	85	3.00	0.00
0	2011	2	1	1	86	6.00	0.00
0	2011	2	1	1	87	1.00	0.00
0	2011	2	1	1	88	3.00	0.00
0	2011	2	1	1	89	4.00	0.00
0	2011	2	1	1	90	4.00	0.00
0	2011	2	1	1	91	2.00	0.00
0	2011	2	1	1	92	3.00	0.00
0	2011	2	1	1	93	2.00	0.00
0	2011	2	1	1	94	0.00	0.00
0	2011	2	1	1	95	1.00	0.00
0	2011	2	1	1	96	1.00	0.00
0	2011	2	1	1	97	2.00	0.00
0	2011	2	1	1	98	0.00	0.00
0	2011	2	1	1	99	1.00	0.00
0	2011	2	1	1	100	1.00	0.00
0	2011	2	1	1	101	0.00	0.00
0	2011	2	1	1	102	0.00	0.00
0	2011	2	1	1	103	0.00	0.00
0	2011	2	1	1	104	0.00	0.00
0	2011	2	1	1	105	0.00	0.00
0	2011	2	1	1	106	0.00	0.00
0	2011	2	1	1	107	0.00	0.00
0	2011	2	1	1	108	0.00	0.00
0	2011	2	1	1	109	0.00	0.00
0	2011	2	1	1	110	0.00	0.00
0	2011	2	1	1	111	0.00	0.00
0	2011	2	1	1	112	0.00	0.00
0	2011	2	1	1	113	0.00	0.00
0	2011	2	1	1	114	0.00	0.00
0	2011	2	1	1	115	0.00	0.00
0	2011	2	1	1	116	0.00	0.00
0	2011	2	1	1	117	0.00	0.00
0	2011	2	1	1	118	0.00	0.00
0	2011	2	1	1	119	0.00	0.00
0	2011	2	1	1	120	0.00	0.00
0	2011	3	0	0	0	78.00	11.00
0	2011	3	0	0	1	73.00	23.00
0	2011	3	0	0	2	86.00	25.00
0	2011	3	0	0	3	87.00	39.00
0	2011	3	0	0	4	111.00	26.00
0	2011	3	0	0	5	97.00	41.00
0	2011	3	0	0	6	103.00	45.00
0	2011	3	0	0	7	114.00	59.00
0	2011	3	0	0	8	176.00	51.00
0	2011	3	0	0	9	197.00	59.00
0	2011	3	0	0	10	231.00	102.00
0	2011	3	0	0	11	229.00	138.00
0	2011	3	0	0	12	250.00	165.00
0	2011	3	0	0	13	410.00	182.00
0	2011	3	0	0	14	567.00	155.00
0	2011	3	0	0	15	342.00	696.00
0	2011	3	0	0	16	271.00	1087.00
0	2011	3	0	0	17	526.00	1412.00
0	2011	3	0	0	18	1052.00	1535.00
0	2011	3	0	0	19	1617.00	1702.00
0	2011	3	0	0	20	2213.00	2921.00
0	2011	3	0	0	21	2972.00	3959.00
0	2011	3	0	0	22	3118.00	4627.00
0	2011	3	0	0	23	1462.00	5277.00
0	2011	3	0	0	24	0.00	5477.00
0	2011	3	0	0	25	0.00	4241.00
0	2011	3	0	0	26	221.00	3260.00
0	2011	3	0	0	27	916.00	2384.00
0	2011	3	0	0	28	1406.00	1845.00
0	2011	3	0	0	29	1628.00	1583.00
0	2011	3	0	0	30	1538.00	1126.00
0	2011	3	0	0	31	2184.00	760.00
0	2011	3	0	0	32	2100.00	610.00
0	2011	3	0	0	33	2045.00	447.00
0	2011	3	0	0	34	2014.00	397.00
0	2011	3	0	0	35	1899.00	318.00
0	2011	3	0	0	36	1917.00	260.00
0	2011	3	0	0	37	1883.00	198.00
0	2011	3	0	0	38	1798.00	169.00
0	2011	3	0	0	39	1680.00	200.00
0	2011	3	0	0	40	1649.00	133.00
0	2011	3	0	0	41	1540.00	112.00
0	2011	3	0	0	42	1728.00	103.00
0	2011	3	0	0	43	1511.00	110.00
0	2011	3	0	0	44	1526.00	109.00
0	2011	3	0	0	45	1702.00	72.00
0	2011	3	0	0	46	1627.00	78.00
0	2011	3	0	0	47	1740.00	75.00
0	2011	3	0	0	48	1892.00	55.00
0	2011	3	0	0	49	1649.00	48.00
0	2011	3	0	0	50	1667.00	42.00
0	2011	3	0	0	51	1622.00	37.00
0	2011	3	0	0	52	1683.00	38.00
0	2011	3	0	0	53	1683.00	24.00
0	2011	3	0	0	54	1629.00	31.00
0	2011	3	0	0	55	1569.00	25.00
0	2011	3	0	0	56	1368.00	26.00
0	2011	3	0	0	57	1357.00	16.00
0	2011	3	0	0	58	1170.00	19.00
0	2011	3	0	0	59	1184.00	6.00
0	2011	3	0	0	60	1107.00	15.00
0	2011	3	0	0	61	1017.00	14.00
0	2011	3	0	0	62	913.00	5.00
0	2011	3	0	0	63	916.00	2.00
0	2011	3	0	0	64	783.00	5.00
0	2011	3	0	0	65	632.00	2.00
0	2011	3	0	0	66	597.00	6.00
0	2011	3	0	0	67	547.00	1.00
0	2011	3	0	0	68	507.00	5.00
0	2011	3	0	0	69	501.00	0.00
0	2011	3	0	0	70	544.00	1.00
0	2011	3	0	0	71	550.00	1.00
0	2011	3	0	0	72	551.00	1.00
0	2011	3	0	0	73	517.00	1.00
0	2011	3	0	0	74	471.00	0.00
0	2011	3	0	0	75	447.00	0.00
0	2011	3	0	0	76	422.00	1.00
0	2011	3	0	0	77	377.00	0.00
0	2011	3	0	0	78	314.00	0.00
0	2011	3	0	0	79	265.00	0.00
0	2011	3	0	0	80	245.00	0.00
0	2011	3	0	0	81	224.00	1.00
0	2011	3	0	0	82	156.00	0.00
0	2011	3	0	0	83	160.00	1.00
0	2011	3	0	0	84	122.00	1.00
0	2011	3	0	0	85	112.00	0.00
0	2011	3	0	0	86	98.00	0.00
0	2011	3	0	0	87	67.00	0.00
0	2011	3	0	0	88	56.00	0.00
0	2011	3	0	0	89	31.00	0.00
0	2011	3	0	0	90	30.00	0.00
0	2011	3	0	0	91	25.00	0.00
0	2011	3	0	0	92	16.00	0.00
0	2011	3	0	0	93	11.00	0.00
0	2011	3	0	0	94	11.00	0.00
0	2011	3	0	0	95	6.00	0.00
0	2011	3	0	0	96	6.00	0.00
0	2011	3	0	0	97	9.00	0.00
0	2011	3	0	0	98	2.00	0.00
0	2011	3	0	0	99	5.00	0.00
0	2011	3	0	0	100	0.00	8.00
0	2011	3	0	0	101	0.00	16.00
0	2011	3	0	0	102	0.00	25.00
0	2011	3	0	0	103	0.00	24.00
0	2011	3	0	0	104	0.00	38.00
0	2011	3	0	0	105	0.00	27.00
0	2011	3	0	0	106	0.00	18.00
0	2011	3	0	0	107	0.00	5.00
0	2011	3	0	0	108	0.00	5.00
0	2011	3	0	0	109	0.00	0.00
0	2011	3	0	0	110	0.00	0.00
0	2011	3	0	0	111	0.00	0.00
0	2011	3	0	0	112	0.00	0.00
0	2011	3	0	0	113	0.00	0.00
0	2011	3	0	0	114	0.00	0.00
0	2011	3	0	0	115	0.00	0.00
0	2011	3	0	0	116	0.00	0.00
0	2011	3	0	0	117	0.00	0.00
0	2011	3	0	0	118	0.00	0.00
0	2011	3	0	0	119	0.00	0.00
0	2011	3	0	0	120	0.00	0.00
0	2011	3	0	1	0	2017.00	0.00
0	2011	3	0	1	1	1783.00	0.00
0	2011	3	0	1	2	1683.00	0.00
0	2011	3	0	1	3	1636.00	0.00
0	2011	3	0	1	4	1444.00	0.00
0	2011	3	0	1	5	1238.00	0.00
0	2011	3	0	1	6	1103.00	0.00
0	2011	3	0	1	7	975.00	0.00
0	2011	3	0	1	8	918.00	0.00
0	2011	3	0	1	9	850.00	0.00
0	2011	3	0	1	10	1004.00	0.00
0	2011	3	0	1	11	885.00	0.00
0	2011	3	0	1	12	947.00	0.00
0	2011	3	0	1	13	928.00	0.00
0	2011	3	0	1	14	982.00	0.00
0	2011	3	0	1	15	1013.00	0.00
0	2011	3	0	1	16	1049.00	0.00
0	2011	3	0	1	17	1030.00	0.00
0	2011	3	0	1	18	1161.00	0.00
0	2011	3	0	1	19	1129.00	0.00
0	2011	3	0	1	20	1270.00	0.00
0	2011	3	0	1	21	1219.00	0.00
0	2011	3	0	1	22	1412.00	0.00
0	2011	3	0	1	23	1159.00	0.00
0	2011	3	0	1	24	1156.00	0.00
0	2011	3	0	1	25	1218.00	0.00
0	2011	3	0	1	26	1139.00	0.00
0	2011	3	0	1	27	1055.00	0.00
0	2011	3	0	1	28	1114.00	0.00
0	2011	3	0	1	29	1032.00	0.00
0	2011	3	0	1	30	1085.00	0.00
0	2011	3	0	1	31	931.00	0.00
0	2011	3	0	1	32	841.00	0.00
0	2011	3	0	1	33	712.00	0.00
0	2011	3	0	1	34	755.00	0.00
0	2011	3	0	1	35	678.00	0.00
0	2011	3	0	1	36	711.00	0.00
0	2011	3	0	1	37	616.00	0.00
0	2011	3	0	1	38	640.00	0.00
0	2011	3	0	1	39	542.00	0.00
0	2011	3	0	1	40	480.00	0.00
0	2011	3	0	1	41	440.00	0.00
0	2011	3	0	1	42	429.00	0.00
0	2011	3	0	1	43	338.00	0.00
0	2011	3	0	1	44	268.00	0.00
0	2011	3	0	1	45	217.00	0.00
0	2011	3	0	1	46	200.00	0.00
0	2011	3	0	1	47	159.00	0.00
0	2011	3	0	1	48	108.00	0.00
0	2011	3	0	1	49	84.00	0.00
0	2011	3	0	1	50	74.00	0.00
0	2011	3	0	1	51	65.00	0.00
0	2011	3	0	1	52	54.00	0.00
0	2011	3	0	1	53	61.00	0.00
0	2011	3	0	1	54	66.00	0.00
0	2011	3	0	1	55	39.00	0.00
0	2011	3	0	1	56	37.00	0.00
0	2011	3	0	1	57	43.00	0.00
0	2011	3	0	1	58	33.00	0.00
0	2011	3	0	1	59	35.00	0.00
0	2011	3	0	1	60	36.00	0.00
0	2011	3	0	1	61	28.00	0.00
0	2011	3	0	1	62	24.00	0.00
0	2011	3	0	1	63	34.00	0.00
0	2011	3	0	1	64	28.00	0.00
0	2011	3	0	1	65	37.00	0.00
0	2011	3	0	1	66	22.00	0.00
0	2011	3	0	1	67	20.00	0.00
0	2011	3	0	1	68	22.00	0.00
0	2011	3	0	1	69	20.00	0.00
0	2011	3	0	1	70	13.00	0.00
0	2011	3	0	1	71	17.00	0.00
0	2011	3	0	1	72	20.00	0.00
0	2011	3	0	1	73	17.00	0.00
0	2011	3	0	1	74	13.00	0.00
0	2011	3	0	1	75	13.00	0.00
0	2011	3	0	1	76	7.00	0.00
0	2011	3	0	1	77	8.00	0.00
0	2011	3	0	1	78	5.00	0.00
0	2011	3	0	1	79	5.00	0.00
0	2011	3	0	1	80	10.00	0.00
0	2011	3	0	1	81	6.00	0.00
0	2011	3	0	1	82	7.00	0.00
0	2011	3	0	1	83	3.00	0.00
0	2011	3	0	1	84	3.00	0.00
0	2011	3	0	1	85	2.00	0.00
0	2011	3	0	1	86	2.00	0.00
0	2011	3	0	1	87	3.00	0.00
0	2011	3	0	1	88	2.00	0.00
0	2011	3	0	1	89	0.00	0.00
0	2011	3	0	1	90	0.00	0.00
0	2011	3	0	1	91	0.00	0.00
0	2011	3	0	1	92	0.00	0.00
0	2011	3	0	1	93	1.00	0.00
0	2011	3	0	1	94	0.00	0.00
0	2011	3	0	1	95	0.00	0.00
0	2011	3	0	1	96	0.00	0.00
0	2011	3	0	1	97	0.00	0.00
0	2011	3	0	1	98	0.00	0.00
0	2011	3	0	1	99	2.00	0.00
0	2011	3	0	1	100	0.00	0.00
0	2011	3	0	1	101	0.00	0.00
0	2011	3	0	1	102	0.00	0.00
0	2011	3	0	1	103	0.00	0.00
0	2011	3	0	1	104	0.00	0.00
0	2011	3	0	1	105	0.00	0.00
0	2011	3	0	1	106	0.00	0.00
0	2011	3	0	1	107	0.00	0.00
0	2011	3	0	1	108	0.00	0.00
0	2011	3	0	1	109	0.00	0.00
0	2011	3	0	1	110	0.00	0.00
0	2011	3	0	1	111	0.00	0.00
0	2011	3	0	1	112	0.00	0.00
0	2011	3	0	1	113	0.00	0.00
0	2011	3	0	1	114	0.00	0.00
0	2011	3	0	1	115	0.00	0.00
0	2011	3	0	1	116	0.00	0.00
0	2011	3	0	1	117	0.00	0.00
0	2011	3	0	1	118	0.00	0.00
0	2011	3	0	1	119	0.00	0.00
0	2011	3	0	1	120	0.00	0.00
0	2011	3	1	0	0	50.00	13.00
0	2011	3	1	0	1	66.00	23.00
0	2011	3	1	0	2	103.00	37.00
0	2011	3	1	0	3	115.00	48.00
0	2011	3	1	0	4	132.00	46.00
0	2011	3	1	0	5	110.00	93.00
0	2011	3	1	0	6	93.00	122.00
0	2011	3	1	0	7	170.00	118.00
0	2011	3	1	0	8	160.00	149.00
0	2011	3	1	0	9	164.00	179.00
0	2011	3	1	0	10	0.00	792.00
0	2011	3	1	0	11	0.00	1305.00
0	2011	3	1	0	12	0.00	1732.00
0	2011	3	1	0	13	0.00	1924.00
0	2011	3	1	0	14	0.00	2072.00
0	2011	3	1	0	15	0.00	4343.00
0	2011	3	1	0	16	0.00	6334.00
0	2011	3	1	0	17	0.00	7733.00
0	2011	3	1	0	18	0.00	8530.00
0	2011	3	1	0	19	0.00	8884.00
0	2011	3	1	0	20	0.00	6880.00
0	2011	3	1	0	21	2265.00	5049.00
0	2011	3	1	0	22	4789.00	3735.00
0	2011	3	1	0	23	4775.00	2820.00
0	2011	3	1	0	24	2751.00	2197.00
0	2011	3	1	0	25	2147.00	1599.00
0	2011	3	1	0	26	2406.00	1116.00
0	2011	3	1	0	27	2941.00	758.00
0	2011	3	1	0	28	3652.00	545.00
0	2011	3	1	0	29	3373.00	459.00
0	2011	3	1	0	30	3076.00	360.00
0	2011	3	1	0	31	3239.00	296.00
0	2011	3	1	0	32	3017.00	233.00
0	2011	3	1	0	33	2851.00	212.00
0	2011	3	1	0	34	2684.00	219.00
0	2011	3	1	0	35	2604.00	166.00
0	2011	3	1	0	36	2469.00	138.00
0	2011	3	1	0	37	2483.00	128.00
0	2011	3	1	0	38	2360.00	144.00
0	2011	3	1	0	39	2280.00	121.00
0	2011	3	1	0	40	2240.00	112.00
0	2011	3	1	0	41	2218.00	91.00
0	2011	3	1	0	42	2435.00	83.00
0	2011	3	1	0	43	2076.00	63.00
0	2011	3	1	0	44	2074.00	76.00
0	2011	3	1	0	45	2057.00	64.00
0	2011	3	1	0	46	2173.00	44.00
0	2011	3	1	0	47	2520.00	30.00
0	2011	3	1	0	48	2557.00	24.00
0	2011	3	1	0	49	2141.00	34.00
0	2011	3	1	0	50	2099.00	29.00
0	2011	3	1	0	51	1990.00	12.00
0	2011	3	1	0	52	2032.00	7.00
0	2011	3	1	0	53	2046.00	10.00
0	2011	3	1	0	54	2017.00	2.00
0	2011	3	1	0	55	1854.00	6.00
0	2011	3	1	0	56	1815.00	2.00
0	2011	3	1	0	57	1906.00	2.00
0	2011	3	1	0	58	1694.00	7.00
0	2011	3	1	0	59	1602.00	6.00
0	2011	3	1	0	60	1447.00	0.00
0	2011	3	1	0	61	1483.00	5.00
0	2011	3	1	0	62	1327.00	3.00
0	2011	3	1	0	63	1240.00	2.00
0	2011	3	1	0	64	1023.00	3.00
0	2011	3	1	0	65	782.00	1.00
0	2011	3	1	0	66	709.00	1.00
0	2011	3	1	0	67	634.00	1.00
0	2011	3	1	0	68	563.00	4.00
0	2011	3	1	0	69	544.00	0.00
0	2011	3	1	0	70	549.00	0.00
0	2011	3	1	0	71	584.00	1.00
0	2011	3	1	0	72	533.00	0.00
0	2011	3	1	0	73	562.00	0.00
0	2011	3	1	0	74	515.00	0.00
0	2011	3	1	0	75	445.00	0.00
0	2011	3	1	0	76	425.00	0.00
0	2011	3	1	0	77	409.00	1.00
0	2011	3	1	0	78	377.00	0.00
0	2011	3	1	0	79	331.00	0.00
0	2011	3	1	0	80	315.00	0.00
0	2011	3	1	0	81	262.00	0.00
0	2011	3	1	0	82	263.00	0.00
0	2011	3	1	0	83	164.00	0.00
0	2011	3	1	0	84	177.00	0.00
0	2011	3	1	0	85	180.00	0.00
0	2011	3	1	0	86	151.00	0.00
0	2011	3	1	0	87	117.00	0.00
0	2011	3	1	0	88	94.00	0.00
0	2011	3	1	0	89	86.00	0.00
0	2011	3	1	0	90	62.00	0.00
0	2011	3	1	0	91	59.00	0.00
0	2011	3	1	0	92	30.00	0.00
0	2011	3	1	0	93	30.00	0.00
0	2011	3	1	0	94	26.00	0.00
0	2011	3	1	0	95	17.00	0.00
0	2011	3	1	0	96	4.00	0.00
0	2011	3	1	0	97	14.00	0.00
0	2011	3	1	0	98	3.00	0.00
0	2011	3	1	0	99	5.00	0.00
0	2011	3	1	0	100	10.00	0.00
0	2011	3	1	0	101	0.00	0.00
0	2011	3	1	0	102	0.00	0.00
0	2011	3	1	0	103	0.00	0.00
0	2011	3	1	0	104	0.00	0.00
0	2011	3	1	0	105	0.00	0.00
0	2011	3	1	0	106	0.00	0.00
0	2011	3	1	0	107	0.00	0.00
0	2011	3	1	0	108	0.00	0.00
0	2011	3	1	0	109	0.00	0.00
0	2011	3	1	0	110	0.00	0.00
0	2011	3	1	0	111	0.00	0.00
0	2011	3	1	0	112	0.00	0.00
0	2011	3	1	0	113	0.00	0.00
0	2011	3	1	0	114	0.00	0.00
0	2011	3	1	0	115	0.00	0.00
0	2011	3	1	0	116	0.00	0.00
0	2011	3	1	0	117	0.00	0.00
0	2011	3	1	0	118	0.00	0.00
0	2011	3	1	0	119	0.00	0.00
0	2011	3	1	0	120	0.00	0.00
0	2011	3	1	1	0	1739.00	0.00
0	2011	3	1	1	1	1732.00	0.00
0	2011	3	1	1	2	1666.00	0.00
0	2011	3	1	1	3	1532.00	0.00
0	2011	3	1	1	4	1338.00	0.00
0	2011	3	1	1	5	1199.00	0.00
0	2011	3	1	1	6	1147.00	0.00
0	2011	3	1	1	7	983.00	0.00
0	2011	3	1	1	8	891.00	0.00
0	2011	3	1	1	9	803.00	0.00
0	2011	3	1	1	10	900.00	0.00
0	2011	3	1	1	11	806.00	0.00
0	2011	3	1	1	12	829.00	0.00
0	2011	3	1	1	13	845.00	0.00
0	2011	3	1	1	14	958.00	0.00
0	2011	3	1	1	15	977.00	0.00
0	2011	3	1	1	16	988.00	0.00
0	2011	3	1	1	17	992.00	0.00
0	2011	3	1	1	18	1174.00	0.00
0	2011	3	1	1	19	1044.00	0.00
0	2011	3	1	1	20	1258.00	0.00
0	2011	3	1	1	21	1087.00	0.00
0	2011	3	1	1	22	1244.00	0.00
0	2011	3	1	1	23	987.00	0.00
0	2011	3	1	1	24	1066.00	0.00
0	2011	3	1	1	25	994.00	0.00
0	2011	3	1	1	26	1016.00	0.00
0	2011	3	1	1	27	954.00	0.00
0	2011	3	1	1	28	969.00	0.00
0	2011	3	1	1	29	910.00	0.00
0	2011	3	1	1	30	885.00	0.00
0	2011	3	1	1	31	745.00	0.00
0	2011	3	1	1	32	720.00	0.00
0	2011	3	1	1	33	674.00	0.00
0	2011	3	1	1	34	705.00	0.00
0	2011	3	1	1	35	689.00	0.00
0	2011	3	1	1	36	584.00	0.00
0	2011	3	1	1	37	518.00	0.00
0	2011	3	1	1	38	550.00	0.00
0	2011	3	1	1	39	538.00	0.00
0	2011	3	1	1	40	488.00	0.00
0	2011	3	1	1	41	412.00	0.00
0	2011	3	1	1	42	351.00	0.00
0	2011	3	1	1	43	311.00	0.00
0	2011	3	1	1	44	254.00	0.00
0	2011	3	1	1	45	200.00	0.00
0	2011	3	1	1	46	156.00	0.00
0	2011	3	1	1	47	130.00	0.00
0	2011	3	1	1	48	111.00	0.00
0	2011	3	1	1	49	101.00	0.00
0	2011	3	1	1	50	74.00	0.00
0	2011	3	1	1	51	57.00	0.00
0	2011	3	1	1	52	71.00	0.00
0	2011	3	1	1	53	47.00	0.00
0	2011	3	1	1	54	45.00	0.00
0	2011	3	1	1	55	50.00	0.00
0	2011	3	1	1	56	40.00	0.00
0	2011	3	1	1	57	25.00	0.00
0	2011	3	1	1	58	39.00	0.00
0	2011	3	1	1	59	34.00	0.00
0	2011	3	1	1	60	28.00	0.00
0	2011	3	1	1	61	32.00	0.00
0	2011	3	1	1	62	26.00	0.00
0	2011	3	1	1	63	28.00	0.00
0	2011	3	1	1	64	23.00	0.00
0	2011	3	1	1	65	23.00	0.00
0	2011	3	1	1	66	15.00	0.00
0	2011	3	1	1	67	17.00	0.00
0	2011	3	1	1	68	9.00	0.00
0	2011	3	1	1	69	18.00	0.00
0	2011	3	1	1	70	11.00	0.00
0	2011	3	1	1	71	9.00	0.00
0	2011	3	1	1	72	13.00	0.00
0	2011	3	1	1	73	22.00	0.00
0	2011	3	1	1	74	9.00	0.00
0	2011	3	1	1	75	7.00	0.00
0	2011	3	1	1	76	8.00	0.00
0	2011	3	1	1	77	9.00	0.00
0	2011	3	1	1	78	19.00	0.00
0	2011	3	1	1	79	6.00	0.00
0	2011	3	1	1	80	6.00	0.00
0	2011	3	1	1	81	13.00	0.00
0	2011	3	1	1	82	9.00	0.00
0	2011	3	1	1	83	6.00	0.00
0	2011	3	1	1	84	12.00	0.00
0	2011	3	1	1	85	3.00	0.00
0	2011	3	1	1	86	9.00	0.00
0	2011	3	1	1	87	3.00	0.00
0	2011	3	1	1	88	4.00	0.00
0	2011	3	1	1	89	2.00	0.00
0	2011	3	1	1	90	1.00	0.00
0	2011	3	1	1	91	0.00	0.00
0	2011	3	1	1	92	0.00	0.00
0	2011	3	1	1	93	2.00	0.00
0	2011	3	1	1	94	0.00	0.00
0	2011	3	1	1	95	1.00	0.00
0	2011	3	1	1	96	0.00	0.00
0	2011	3	1	1	97	0.00	0.00
0	2011	3	1	1	98	1.00	0.00
0	2011	3	1	1	99	2.00	0.00
0	2011	3	1	1	100	2.00	0.00
0	2011	3	1	1	101	0.00	0.00
0	2011	3	1	1	102	0.00	0.00
0	2011	3	1	1	103	0.00	0.00
0	2011	3	1	1	104	0.00	0.00
0	2011	3	1	1	105	0.00	0.00
0	2011	3	1	1	106	0.00	0.00
0	2011	3	1	1	107	0.00	0.00
0	2011	3	1	1	108	0.00	0.00
0	2011	3	1	1	109	0.00	0.00
0	2011	3	1	1	110	0.00	0.00
0	2011	3	1	1	111	0.00	0.00
0	2011	3	1	1	112	0.00	0.00
0	2011	3	1	1	113	0.00	0.00
0	2011	3	1	1	114	0.00	0.00
0	2011	3	1	1	115	0.00	0.00
0	2011	3	1	1	116	0.00	0.00
0	2011	3	1	1	117	0.00	0.00
0	2011	3	1	1	118	0.00	0.00
0	2011	3	1	1	119	0.00	0.00
0	2011	3	1	1	120	0.00	0.00
0	2011	4	0	0	0	552.00	13.00
0	2011	4	0	0	1	1037.00	9.00
0	2011	4	0	0	2	1216.00	32.00
0	2011	4	0	0	3	1293.00	27.00
0	2011	4	0	0	4	1426.00	47.00
0	2011	4	0	0	5	1338.00	39.00
0	2011	4	0	0	6	1385.00	35.00
0	2011	4	0	0	7	1497.00	25.00
0	2011	4	0	0	8	1536.00	22.00
0	2011	4	0	0	9	1466.00	25.00
0	2011	4	0	0	10	1525.00	20.00
0	2011	4	0	0	11	1510.00	23.00
0	2011	4	0	0	12	1412.00	36.00
0	2011	4	0	0	13	1411.00	25.00
0	2011	4	0	0	14	1443.00	33.00
0	2011	4	0	0	15	985.00	438.00
0	2011	4	0	0	16	423.00	957.00
0	2011	4	0	0	17	0.00	1643.00
0	2011	4	0	0	18	111.00	1861.00
0	2011	4	0	0	19	782.00	1878.00
0	2011	4	0	0	20	0.00	3261.00
0	2011	4	0	0	21	0.00	5014.00
0	2011	4	0	0	22	0.00	6896.00
0	2011	4	0	0	23	0.00	7525.00
0	2011	4	0	0	24	0.00	7880.00
0	2011	4	0	0	25	75.00	8113.00
0	2011	4	0	0	26	453.00	7972.00
0	2011	4	0	0	27	1004.00	7167.00
0	2011	4	0	0	28	1466.00	7002.00
0	2011	4	0	0	29	2058.00	7111.00
0	2011	4	0	0	30	1925.00	7209.00
0	2011	4	0	0	31	2835.00	6797.00
0	2011	4	0	0	32	3424.00	6215.00
0	2011	4	0	0	33	2836.00	6367.00
0	2011	4	0	0	34	3401.00	6183.00
0	2011	4	0	0	35	3642.00	5511.00
0	2011	4	0	0	36	3591.00	4894.00
0	2011	4	0	0	37	3350.00	4241.00
0	2011	4	0	0	38	3552.00	3952.00
0	2011	4	0	0	39	3195.00	3894.00
0	2011	4	0	0	40	3508.00	2917.00
0	2011	4	0	0	41	4214.00	2230.00
0	2011	4	0	0	42	4456.00	1784.00
0	2011	4	0	0	43	4562.00	1577.00
0	2011	4	0	0	44	4511.00	1435.00
0	2011	4	0	0	45	5283.00	1021.00
0	2011	4	0	0	46	5741.00	703.00
0	2011	4	0	0	47	6233.00	475.00
0	2011	4	0	0	48	6464.00	424.00
0	2011	4	0	0	49	6918.00	354.00
0	2011	4	0	0	50	7420.00	289.00
0	2011	4	0	0	51	7534.00	155.00
0	2011	4	0	0	52	7411.00	132.00
0	2011	4	0	0	53	7430.00	116.00
0	2011	4	0	0	54	7622.00	102.00
0	2011	4	0	0	55	7660.00	92.00
0	2011	4	0	0	56	7571.00	106.00
0	2011	4	0	0	57	7032.00	141.00
0	2011	4	0	0	58	7072.00	114.00
0	2011	4	0	0	59	6268.00	109.00
0	2011	4	0	0	60	5965.00	88.00
0	2011	4	0	0	61	5575.00	45.00
0	2011	4	0	0	62	5184.00	25.00
0	2011	4	0	0	63	4651.00	23.00
0	2011	4	0	0	64	4059.00	17.00
0	2011	4	0	0	65	3618.00	11.00
0	2011	4	0	0	66	3392.00	8.00
0	2011	4	0	0	67	3380.00	10.00
0	2011	4	0	0	68	3470.00	2.00
0	2011	4	0	0	69	3272.00	4.00
0	2011	4	0	0	70	3364.00	4.00
0	2011	4	0	0	71	3427.00	5.00
0	2011	4	0	0	72	3321.00	2.00
0	2011	4	0	0	73	3009.00	1.00
0	2011	4	0	0	74	2945.00	3.00
0	2011	4	0	0	75	2815.00	1.00
0	2011	4	0	0	76	2344.00	0.00
0	2011	4	0	0	77	2333.00	1.00
0	2011	4	0	0	78	2055.00	0.00
0	2011	4	0	0	79	1888.00	0.00
0	2011	4	0	0	80	1606.00	0.00
0	2011	4	0	0	81	1345.00	0.00
0	2011	4	0	0	82	1089.00	0.00
0	2011	4	0	0	83	929.00	0.00
0	2011	4	0	0	84	753.00	0.00
0	2011	4	0	0	85	637.00	0.00
0	2011	4	0	0	86	562.00	0.00
0	2011	4	0	0	87	434.00	0.00
0	2011	4	0	0	88	385.00	0.00
0	2011	4	0	0	89	302.00	0.00
0	2011	4	0	0	90	208.00	0.00
0	2011	4	0	0	91	177.00	0.00
0	2011	4	0	0	92	121.00	2.00
0	2011	4	0	0	93	83.00	0.00
0	2011	4	0	0	94	74.00	0.00
0	2011	4	0	0	95	43.00	0.00
0	2011	4	0	0	96	33.00	0.00
0	2011	4	0	0	97	22.00	0.00
0	2011	4	0	0	98	21.00	0.00
0	2011	4	0	0	99	11.00	0.00
0	2011	4	0	0	100	29.00	5.00
0	2011	4	0	0	101	0.00	9.00
0	2011	4	0	0	102	0.00	16.00
0	2011	4	0	0	103	0.00	39.00
0	2011	4	0	0	104	0.00	38.00
0	2011	4	0	0	105	0.00	32.00
0	2011	4	0	0	106	0.00	18.00
0	2011	4	0	0	107	0.00	11.00
0	2011	4	0	0	108	0.00	8.00
0	2011	4	0	0	109	0.00	3.00
0	2011	4	0	0	110	0.00	2.00
0	2011	4	0	0	111	0.00	2.00
0	2011	4	0	0	112	0.00	0.00
0	2011	4	0	0	113	0.00	0.00
0	2011	4	0	0	114	0.00	0.00
0	2011	4	0	0	115	0.00	0.00
0	2011	4	0	0	116	0.00	0.00
0	2011	4	0	0	117	0.00	0.00
0	2011	4	0	0	118	0.00	0.00
0	2011	4	0	0	119	0.00	0.00
0	2011	4	0	0	120	0.00	0.00
0	2011	4	0	1	0	9334.00	0.00
0	2011	4	0	1	1	8937.00	0.00
0	2011	4	0	1	2	8818.00	0.00
0	2011	4	0	1	3	8871.00	0.00
0	2011	4	0	1	4	8327.00	0.00
0	2011	4	0	1	5	7847.00	0.00
0	2011	4	0	1	6	7176.00	0.00
0	2011	4	0	1	7	6632.00	0.00
0	2011	4	0	1	8	6221.00	0.00
0	2011	4	0	1	9	6107.00	0.00
0	2011	4	0	1	10	6150.00	0.00
0	2011	4	0	1	11	6153.00	0.00
0	2011	4	0	1	12	6242.00	0.00
0	2011	4	0	1	13	6200.00	0.00
0	2011	4	0	1	14	6224.00	0.00
0	2011	4	0	1	15	6620.00	0.00
0	2011	4	0	1	16	6445.00	0.00
0	2011	4	0	1	17	6586.00	0.00
0	2011	4	0	1	18	6742.00	0.00
0	2011	4	0	1	19	7114.00	0.00
0	2011	4	0	1	20	7343.00	0.00
0	2011	4	0	1	21	7371.00	0.00
0	2011	4	0	1	22	7254.00	0.00
0	2011	4	0	1	23	7556.00	0.00
0	2011	4	0	1	24	7524.00	0.00
0	2011	4	0	1	25	7783.00	0.00
0	2011	4	0	1	26	7884.00	0.00
0	2011	4	0	1	27	7466.00	0.00
0	2011	4	0	1	28	7628.00	0.00
0	2011	4	0	1	29	7571.00	0.00
0	2011	4	0	1	30	7540.00	0.00
0	2011	4	0	1	31	7036.00	0.00
0	2011	4	0	1	32	6640.00	0.00
0	2011	4	0	1	33	5999.00	0.00
0	2011	4	0	1	34	5805.00	0.00
0	2011	4	0	1	35	5244.00	0.00
0	2011	4	0	1	36	4841.00	0.00
0	2011	4	0	1	37	4966.00	0.00
0	2011	4	0	1	38	4804.00	0.00
0	2011	4	0	1	39	4557.00	0.00
0	2011	4	0	1	40	4550.00	0.00
0	2011	4	0	1	41	4480.00	0.00
0	2011	4	0	1	42	4249.00	0.00
0	2011	4	0	1	43	3575.00	0.00
0	2011	4	0	1	44	2917.00	0.00
0	2011	4	0	1	45	2176.00	0.00
0	2011	4	0	1	46	1709.00	0.00
0	2011	4	0	1	47	1436.00	0.00
0	2011	4	0	1	48	1184.00	0.00
0	2011	4	0	1	49	804.00	0.00
0	2011	4	0	1	50	625.00	0.00
0	2011	4	0	1	51	454.00	0.00
0	2011	4	0	1	52	383.00	0.00
0	2011	4	0	1	53	292.00	0.00
0	2011	4	0	1	54	240.00	0.00
0	2011	4	0	1	55	177.00	0.00
0	2011	4	0	1	56	179.00	0.00
0	2011	4	0	1	57	151.00	0.00
0	2011	4	0	1	58	135.00	0.00
0	2011	4	0	1	59	125.00	0.00
0	2011	4	0	1	60	90.00	0.00
0	2011	4	0	1	61	86.00	0.00
0	2011	4	0	1	62	70.00	0.00
0	2011	4	0	1	63	60.00	0.00
0	2011	4	0	1	64	52.00	0.00
0	2011	4	0	1	65	55.00	0.00
0	2011	4	0	1	66	59.00	0.00
0	2011	4	0	1	67	42.00	0.00
0	2011	4	0	1	68	46.00	0.00
0	2011	4	0	1	69	34.00	0.00
0	2011	4	0	1	70	48.00	0.00
0	2011	4	0	1	71	47.00	0.00
0	2011	4	0	1	72	59.00	0.00
0	2011	4	0	1	73	29.00	0.00
0	2011	4	0	1	74	41.00	0.00
0	2011	4	0	1	75	35.00	0.00
0	2011	4	0	1	76	26.00	0.00
0	2011	4	0	1	77	29.00	0.00
0	2011	4	0	1	78	37.00	0.00
0	2011	4	0	1	79	25.00	0.00
0	2011	4	0	1	80	20.00	0.00
0	2011	4	0	1	81	15.00	0.00
0	2011	4	0	1	82	27.00	0.00
0	2011	4	0	1	83	13.00	0.00
0	2011	4	0	1	84	15.00	0.00
0	2011	4	0	1	85	17.00	0.00
0	2011	4	0	1	86	12.00	0.00
0	2011	4	0	1	87	9.00	0.00
0	2011	4	0	1	88	9.00	0.00
0	2011	4	0	1	89	7.00	0.00
0	2011	4	0	1	90	4.00	0.00
0	2011	4	0	1	91	7.00	0.00
0	2011	4	0	1	92	1.00	0.00
0	2011	4	0	1	93	1.00	0.00
0	2011	4	0	1	94	0.00	0.00
0	2011	4	0	1	95	3.00	0.00
0	2011	4	0	1	96	1.00	0.00
0	2011	4	0	1	97	5.00	0.00
0	2011	4	0	1	98	1.00	0.00
0	2011	4	0	1	99	2.00	0.00
0	2011	4	0	1	100	2.00	0.00
0	2011	4	0	1	101	0.00	0.00
0	2011	4	0	1	102	0.00	0.00
0	2011	4	0	1	103	0.00	0.00
0	2011	4	0	1	104	0.00	0.00
0	2011	4	0	1	105	0.00	0.00
0	2011	4	0	1	106	0.00	0.00
0	2011	4	0	1	107	0.00	0.00
0	2011	4	0	1	108	0.00	0.00
0	2011	4	0	1	109	0.00	0.00
0	2011	4	0	1	110	0.00	0.00
0	2011	4	0	1	111	0.00	0.00
0	2011	4	0	1	112	0.00	0.00
0	2011	4	0	1	113	0.00	0.00
0	2011	4	0	1	114	0.00	0.00
0	2011	4	0	1	115	0.00	0.00
0	2011	4	0	1	116	0.00	0.00
0	2011	4	0	1	117	0.00	0.00
0	2011	4	0	1	118	0.00	0.00
0	2011	4	0	1	119	0.00	0.00
0	2011	4	0	1	120	0.00	0.00
0	2011	4	1	0	0	488.00	7.00
0	2011	4	1	0	1	978.00	6.00
0	2011	4	1	0	2	1200.00	18.00
0	2011	4	1	0	3	1412.00	15.00
0	2011	4	1	0	4	1340.00	19.00
0	2011	4	1	0	5	1296.00	30.00
0	2011	4	1	0	6	1337.00	16.00
0	2011	4	1	0	7	1405.00	21.00
0	2011	4	1	0	8	1503.00	25.00
0	2011	4	1	0	9	1479.00	30.00
0	2011	4	1	0	10	1179.00	272.00
0	2011	4	1	0	11	758.00	654.00
0	2011	4	1	0	12	329.00	1018.00
0	2011	4	1	0	13	194.00	1102.00
0	2011	4	1	0	14	111.00	1187.00
0	2011	4	1	0	15	0.00	2099.00
0	2011	4	1	0	16	0.00	3223.00
0	2011	4	1	0	17	0.00	4435.00
0	2011	4	1	0	18	0.00	4846.00
0	2011	4	1	0	19	0.00	5106.00
0	2011	4	1	0	20	0.00	5040.00
0	2011	4	1	0	21	0.00	4717.00
0	2011	4	1	0	22	0.00	4077.00
0	2011	4	1	0	23	355.00	3922.00
0	2011	4	1	0	24	1246.00	3885.00
0	2011	4	1	0	25	2842.00	3374.00
0	2011	4	1	0	26	4362.00	2873.00
0	2011	4	1	0	27	5667.00	2237.00
0	2011	4	1	0	28	6507.00	2002.00
0	2011	4	1	0	29	7048.00	1839.00
0	2011	4	1	0	30	7630.00	1506.00
0	2011	4	1	0	31	8240.00	1137.00
0	2011	4	1	0	32	8017.00	879.00
0	2011	4	1	0	33	7673.00	762.00
0	2011	4	1	0	34	7679.00	716.00
0	2011	4	1	0	35	7269.00	509.00
0	2011	4	1	0	36	7055.00	403.00
0	2011	4	1	0	37	6363.00	286.00
0	2011	4	1	0	38	6421.00	248.00
0	2011	4	1	0	39	6037.00	257.00
0	2011	4	1	0	40	6021.00	149.00
0	2011	4	1	0	41	5876.00	121.00
0	2011	4	1	0	42	5870.00	82.00
0	2011	4	1	0	43	6134.00	62.00
0	2011	4	1	0	44	6225.00	49.00
0	2011	4	1	0	45	6723.00	48.00
0	2011	4	1	0	46	6786.00	35.00
0	2011	4	1	0	47	7342.00	27.00
0	2011	4	1	0	48	7527.00	12.00
0	2011	4	1	0	49	7914.00	21.00
0	2011	4	1	0	50	8027.00	23.00
0	2011	4	1	0	51	7995.00	21.00
0	2011	4	1	0	52	7979.00	29.00
0	2011	4	1	0	53	7824.00	30.00
0	2011	4	1	0	54	7798.00	34.00
0	2011	4	1	0	55	7600.00	18.00
0	2011	4	1	0	56	7536.00	18.00
0	2011	4	1	0	57	6900.00	5.00
0	2011	4	1	0	58	6918.00	3.00
0	2011	4	1	0	59	6453.00	4.00
0	2011	4	1	0	60	6253.00	4.00
0	2011	4	1	0	61	6013.00	1.00
0	2011	4	1	0	62	5515.00	1.00
0	2011	4	1	0	63	5131.00	1.00
0	2011	4	1	0	64	4443.00	0.00
0	2011	4	1	0	65	4123.00	1.00
0	2011	4	1	0	66	3804.00	1.00
0	2011	4	1	0	67	3883.00	1.00
0	2011	4	1	0	68	3838.00	2.00
0	2011	4	1	0	69	3580.00	1.00
0	2011	4	1	0	70	3493.00	4.00
0	2011	4	1	0	71	3639.00	0.00
0	2011	4	1	0	72	3372.00	0.00
0	2011	4	1	0	73	3117.00	0.00
0	2011	4	1	0	74	2924.00	0.00
0	2011	4	1	0	75	2686.00	0.00
0	2011	4	1	0	76	2574.00	0.00
0	2011	4	1	0	77	2297.00	1.00
0	2011	4	1	0	78	2167.00	0.00
0	2011	4	1	0	79	1897.00	0.00
0	2011	4	1	0	80	1867.00	2.00
0	2011	4	1	0	81	1612.00	0.00
0	2011	4	1	0	82	1282.00	0.00
0	2011	4	1	0	83	1183.00	0.00
0	2011	4	1	0	84	950.00	0.00
0	2011	4	1	0	85	886.00	0.00
0	2011	4	1	0	86	743.00	0.00
0	2011	4	1	0	87	627.00	0.00
0	2011	4	1	0	88	535.00	0.00
0	2011	4	1	0	89	420.00	0.00
0	2011	4	1	0	90	370.00	0.00
0	2011	4	1	0	91	250.00	0.00
0	2011	4	1	0	92	188.00	0.00
0	2011	4	1	0	93	146.00	0.00
0	2011	4	1	0	94	114.00	0.00
0	2011	4	1	0	95	75.00	0.00
0	2011	4	1	0	96	69.00	0.00
0	2011	4	1	0	97	57.00	0.00
0	2011	4	1	0	98	28.00	0.00
0	2011	4	1	0	99	25.00	0.00
0	2011	4	1	0	100	74.00	0.00
0	2011	4	1	0	101	0.00	0.00
0	2011	4	1	0	102	0.00	0.00
0	2011	4	1	0	103	0.00	0.00
0	2011	4	1	0	104	0.00	0.00
0	2011	4	1	0	105	0.00	0.00
0	2011	4	1	0	106	0.00	0.00
0	2011	4	1	0	107	0.00	0.00
0	2011	4	1	0	108	0.00	0.00
0	2011	4	1	0	109	0.00	0.00
0	2011	4	1	0	110	0.00	0.00
0	2011	4	1	0	111	0.00	0.00
0	2011	4	1	0	112	0.00	0.00
0	2011	4	1	0	113	0.00	0.00
0	2011	4	1	0	114	0.00	0.00
0	2011	4	1	0	115	0.00	0.00
0	2011	4	1	0	116	0.00	0.00
0	2011	4	1	0	117	0.00	0.00
0	2011	4	1	0	118	0.00	0.00
0	2011	4	1	0	119	0.00	0.00
0	2011	4	1	0	120	0.00	0.00
0	2011	4	1	1	0	9158.00	0.00
0	2011	4	1	1	1	8688.00	0.00
0	2011	4	1	1	2	8297.00	0.00
0	2011	4	1	1	3	8217.00	0.00
0	2011	4	1	1	4	7869.00	0.00
0	2011	4	1	1	5	7425.00	0.00
0	2011	4	1	1	6	6797.00	0.00
0	2011	4	1	1	7	6199.00	0.00
0	2011	4	1	1	8	5915.00	0.00
0	2011	4	1	1	9	5571.00	0.00
0	2011	4	1	1	10	5782.00	0.00
0	2011	4	1	1	11	5881.00	0.00
0	2011	4	1	1	12	5759.00	0.00
0	2011	4	1	1	13	5855.00	0.00
0	2011	4	1	1	14	6070.00	0.00
0	2011	4	1	1	15	6076.00	0.00
0	2011	4	1	1	16	6182.00	0.00
0	2011	4	1	1	17	6297.00	0.00
0	2011	4	1	1	18	6587.00	0.00
0	2011	4	1	1	19	7135.00	0.00
0	2011	4	1	1	20	7227.00	0.00
0	2011	4	1	1	21	7101.00	0.00
0	2011	4	1	1	22	7098.00	0.00
0	2011	4	1	1	23	7278.00	0.00
0	2011	4	1	1	24	7229.00	0.00
0	2011	4	1	1	25	7452.00	0.00
0	2011	4	1	1	26	7286.00	0.00
0	2011	4	1	1	27	7175.00	0.00
0	2011	4	1	1	28	7292.00	0.00
0	2011	4	1	1	29	7092.00	0.00
0	2011	4	1	1	30	7270.00	0.00
0	2011	4	1	1	31	6794.00	0.00
0	2011	4	1	1	32	6339.00	0.00
0	2011	4	1	1	33	5893.00	0.00
0	2011	4	1	1	34	5524.00	0.00
0	2011	4	1	1	35	5176.00	0.00
0	2011	4	1	1	36	4901.00	0.00
0	2011	4	1	1	37	4891.00	0.00
0	2011	4	1	1	38	4774.00	0.00
0	2011	4	1	1	39	4482.00	0.00
0	2011	4	1	1	40	4365.00	0.00
0	2011	4	1	1	41	4508.00	0.00
0	2011	4	1	1	42	4109.00	0.00
0	2011	4	1	1	43	3485.00	0.00
0	2011	4	1	1	44	2870.00	0.00
0	2011	4	1	1	45	2296.00	0.00
0	2011	4	1	1	46	1676.00	0.00
0	2011	4	1	1	47	1338.00	0.00
0	2011	4	1	1	48	1171.00	0.00
0	2011	4	1	1	49	837.00	0.00
0	2011	4	1	1	50	648.00	0.00
0	2011	4	1	1	51	497.00	0.00
0	2011	4	1	1	52	387.00	0.00
0	2011	4	1	1	53	316.00	0.00
0	2011	4	1	1	54	236.00	0.00
0	2011	4	1	1	55	158.00	0.00
0	2011	4	1	1	56	161.00	0.00
0	2011	4	1	1	57	134.00	0.00
0	2011	4	1	1	58	132.00	0.00
0	2011	4	1	1	59	111.00	0.00
0	2011	4	1	1	60	122.00	0.00
0	2011	4	1	1	61	89.00	0.00
0	2011	4	1	1	62	70.00	0.00
0	2011	4	1	1	63	70.00	0.00
0	2011	4	1	1	64	65.00	0.00
0	2011	4	1	1	65	67.00	0.00
0	2011	4	1	1	66	55.00	0.00
0	2011	4	1	1	67	53.00	0.00
0	2011	4	1	1	68	55.00	0.00
0	2011	4	1	1	69	27.00	0.00
0	2011	4	1	1	70	35.00	0.00
0	2011	4	1	1	71	51.00	0.00
0	2011	4	1	1	72	41.00	0.00
0	2011	4	1	1	73	40.00	0.00
0	2011	4	1	1	74	41.00	0.00
0	2011	4	1	1	75	22.00	0.00
0	2011	4	1	1	76	34.00	0.00
0	2011	4	1	1	77	39.00	0.00
0	2011	4	1	1	78	37.00	0.00
0	2011	4	1	1	79	28.00	0.00
0	2011	4	1	1	80	23.00	0.00
0	2011	4	1	1	81	23.00	0.00
0	2011	4	1	1	82	14.00	0.00
0	2011	4	1	1	83	26.00	0.00
0	2011	4	1	1	84	22.00	0.00
0	2011	4	1	1	85	11.00	0.00
0	2011	4	1	1	86	22.00	0.00
0	2011	4	1	1	87	18.00	0.00
0	2011	4	1	1	88	14.00	0.00
0	2011	4	1	1	89	12.00	0.00
0	2011	4	1	1	90	11.00	0.00
0	2011	4	1	1	91	7.00	0.00
0	2011	4	1	1	92	3.00	0.00
0	2011	4	1	1	93	5.00	0.00
0	2011	4	1	1	94	7.00	0.00
0	2011	4	1	1	95	6.00	0.00
0	2011	4	1	1	96	1.00	0.00
0	2011	4	1	1	97	3.00	0.00
0	2011	4	1	1	98	2.00	0.00
0	2011	4	1	1	99	2.00	0.00
0	2011	4	1	1	100	5.00	0.00
0	2011	4	1	1	101	0.00	0.00
0	2011	4	1	1	102	0.00	0.00
0	2011	4	1	1	103	0.00	0.00
0	2011	4	1	1	104	0.00	0.00
0	2011	4	1	1	105	0.00	0.00
0	2011	4	1	1	106	0.00	0.00
0	2011	4	1	1	107	0.00	0.00
0	2011	4	1	1	108	0.00	0.00
0	2011	4	1	1	109	0.00	0.00
0	2011	4	1	1	110	0.00	0.00
0	2011	4	1	1	111	0.00	0.00
0	2011	4	1	1	112	0.00	0.00
0	2011	4	1	1	113	0.00	0.00
0	2011	4	1	1	114	0.00	0.00
0	2011	4	1	1	115	0.00	0.00
0	2011	4	1	1	116	0.00	0.00
0	2011	4	1	1	117	0.00	0.00
0	2011	4	1	1	118	0.00	0.00
0	2011	4	1	1	119	0.00	0.00
0	2011	4	1	1	120	0.00	0.00
0	2011	5	0	0	0	117.00	10.00
0	2011	5	0	0	1	350.00	5.00
0	2011	5	0	0	2	462.00	7.00
0	2011	5	0	0	3	660.00	6.00
0	2011	5	0	0	4	801.00	11.00
0	2011	5	0	0	5	902.00	8.00
0	2011	5	0	0	6	1010.00	14.00
0	2011	5	0	0	7	1149.00	13.00
0	2011	5	0	0	8	1121.00	7.00
0	2011	5	0	0	9	1245.00	10.00
0	2011	5	0	0	10	1268.00	19.00
0	2011	5	0	0	11	1372.00	17.00
0	2011	5	0	0	12	1437.00	10.00
0	2011	5	0	0	13	1491.00	24.00
0	2011	5	0	0	14	1479.00	21.00
0	2011	5	0	0	15	914.00	659.00
0	2011	5	0	0	16	551.00	1001.00
0	2011	5	0	0	17	446.00	1199.00
0	2011	5	0	0	18	633.00	1297.00
0	2011	5	0	0	19	1088.00	1341.00
0	2011	5	0	0	20	570.00	2400.00
0	2011	5	0	0	21	410.00	3043.00
0	2011	5	0	0	22	447.00	3368.00
0	2011	5	0	0	23	591.00	3675.00
0	2011	5	0	0	24	820.00	3672.00
0	2011	5	0	0	25	2242.00	3130.00
0	2011	5	0	0	26	2535.00	2905.00
0	2011	5	0	0	27	3058.00	2767.00
0	2011	5	0	0	28	3556.00	2684.00
0	2011	5	0	0	29	3692.00	2582.00
0	2011	5	0	0	30	4831.00	1816.00
0	2011	5	0	0	31	5602.00	1375.00
0	2011	5	0	0	32	5828.00	1095.00
0	2011	5	0	0	33	6042.00	979.00
0	2011	5	0	0	34	6369.00	973.00
0	2011	5	0	0	35	6163.00	608.00
0	2011	5	0	0	36	5642.00	487.00
0	2011	5	0	0	37	5871.00	432.00
0	2011	5	0	0	38	5712.00	369.00
0	2011	5	0	0	39	5109.00	352.00
0	2011	5	0	0	40	5072.00	260.00
0	2011	5	0	0	41	5089.00	199.00
0	2011	5	0	0	42	5116.00	147.00
0	2011	5	0	0	43	4904.00	125.00
0	2011	5	0	0	44	4406.00	138.00
0	2011	5	0	0	45	4053.00	110.00
0	2011	5	0	0	46	3858.00	72.00
0	2011	5	0	0	47	3584.00	63.00
0	2011	5	0	0	48	3689.00	62.00
0	2011	5	0	0	49	4077.00	53.00
0	2011	5	0	0	50	4016.00	39.00
0	2011	5	0	0	51	3981.00	27.00
0	2011	5	0	0	52	3877.00	22.00
0	2011	5	0	0	53	3922.00	25.00
0	2011	5	0	0	54	3940.00	21.00
0	2011	5	0	0	55	3682.00	11.00
0	2011	5	0	0	56	3515.00	11.00
0	2011	5	0	0	57	3375.00	8.00
0	2011	5	0	0	58	3920.00	10.00
0	2011	5	0	0	59	3364.00	10.00
0	2011	5	0	0	60	2651.00	8.00
0	2011	5	0	0	61	2099.00	13.00
0	2011	5	0	0	62	1613.00	6.00
0	2011	5	0	0	63	1451.00	2.00
0	2011	5	0	0	64	1250.00	15.00
0	2011	5	0	0	65	1128.00	3.00
0	2011	5	0	0	66	1272.00	5.00
0	2011	5	0	0	67	1217.00	0.00
0	2011	5	0	0	68	1603.00	1.00
0	2011	5	0	0	69	1420.00	4.00
0	2011	5	0	0	70	1659.00	0.00
0	2011	5	0	0	71	1835.00	0.00
0	2011	5	0	0	72	1606.00	0.00
0	2011	5	0	0	73	1602.00	0.00
0	2011	5	0	0	74	1633.00	0.00
0	2011	5	0	0	75	1528.00	0.00
0	2011	5	0	0	76	1262.00	0.00
0	2011	5	0	0	77	1054.00	0.00
0	2011	5	0	0	78	974.00	0.00
0	2011	5	0	0	79	867.00	0.00
0	2011	5	0	0	80	792.00	0.00
0	2011	5	0	0	81	694.00	1.00
0	2011	5	0	0	82	471.00	1.00
0	2011	5	0	0	83	408.00	0.00
0	2011	5	0	0	84	397.00	0.00
0	2011	5	0	0	85	295.00	0.00
0	2011	5	0	0	86	222.00	1.00
0	2011	5	0	0	87	173.00	0.00
0	2011	5	0	0	88	133.00	0.00
0	2011	5	0	0	89	152.00	0.00
0	2011	5	0	0	90	88.00	0.00
0	2011	5	0	0	91	60.00	0.00
0	2011	5	0	0	92	43.00	0.00
0	2011	5	0	0	93	27.00	0.00
0	2011	5	0	0	94	12.00	0.00
0	2011	5	0	0	95	13.00	0.00
0	2011	5	0	0	96	14.00	0.00
0	2011	5	0	0	97	9.00	0.00
0	2011	5	0	0	98	3.00	0.00
0	2011	5	0	0	99	8.00	0.00
0	2011	5	0	0	100	7.00	3.00
0	2011	5	0	0	101	0.00	9.00
0	2011	5	0	0	102	0.00	12.00
0	2011	5	0	0	103	0.00	11.00
0	2011	5	0	0	104	0.00	7.00
0	2011	5	0	0	105	0.00	5.00
0	2011	5	0	0	106	0.00	0.00
0	2011	5	0	0	107	0.00	2.00
0	2011	5	0	0	108	0.00	1.00
0	2011	5	0	0	109	0.00	0.00
0	2011	5	0	0	110	0.00	2.00
0	2011	5	0	0	111	0.00	0.00
0	2011	5	0	0	112	0.00	0.00
0	2011	5	0	0	113	0.00	0.00
0	2011	5	0	0	114	0.00	0.00
0	2011	5	0	0	115	0.00	0.00
0	2011	5	0	0	116	0.00	0.00
0	2011	5	0	0	117	0.00	0.00
0	2011	5	0	0	118	0.00	0.00
0	2011	5	0	0	119	0.00	0.00
0	2011	5	0	0	120	0.00	0.00
0	2011	5	0	1	0	12203.00	0.00
0	2011	5	0	1	1	12769.00	0.00
0	2011	5	0	1	2	12955.00	0.00
0	2011	5	0	1	3	12772.00	0.00
0	2011	5	0	1	4	12036.00	0.00
0	2011	5	0	1	5	12182.00	0.00
0	2011	5	0	1	6	11219.00	0.00
0	2011	5	0	1	7	10555.00	0.00
0	2011	5	0	1	8	10693.00	0.00
0	2011	5	0	1	9	10405.00	0.00
0	2011	5	0	1	10	9493.00	0.00
0	2011	5	0	1	11	9351.00	0.00
0	2011	5	0	1	12	8944.00	0.00
0	2011	5	0	1	13	8491.00	0.00
0	2011	5	0	1	14	8095.00	0.00
0	2011	5	0	1	15	8029.00	0.00
0	2011	5	0	1	16	7893.00	0.00
0	2011	5	0	1	17	7728.00	0.00
0	2011	5	0	1	18	7456.00	0.00
0	2011	5	0	1	19	7196.00	0.00
0	2011	5	0	1	20	6821.00	0.00
0	2011	5	0	1	21	6500.00	0.00
0	2011	5	0	1	22	6117.00	0.00
0	2011	5	0	1	23	6228.00	0.00
0	2011	5	0	1	24	6183.00	0.00
0	2011	5	0	1	25	6151.00	0.00
0	2011	5	0	1	26	5990.00	0.00
0	2011	5	0	1	27	5683.00	0.00
0	2011	5	0	1	28	5656.00	0.00
0	2011	5	0	1	29	5496.00	0.00
0	2011	5	0	1	30	5727.00	0.00
0	2011	5	0	1	31	5312.00	0.00
0	2011	5	0	1	32	4801.00	0.00
0	2011	5	0	1	33	4013.00	0.00
0	2011	5	0	1	34	3571.00	0.00
0	2011	5	0	1	35	3052.00	0.00
0	2011	5	0	1	36	2805.00	0.00
0	2011	5	0	1	37	2837.00	0.00
0	2011	5	0	1	38	2866.00	0.00
0	2011	5	0	1	39	3056.00	0.00
0	2011	5	0	1	40	2984.00	0.00
0	2011	5	0	1	41	2798.00	0.00
0	2011	5	0	1	42	2360.00	0.00
0	2011	5	0	1	43	1920.00	0.00
0	2011	5	0	1	44	1304.00	0.00
0	2011	5	0	1	45	972.00	0.00
0	2011	5	0	1	46	672.00	0.00
0	2011	5	0	1	47	405.00	0.00
0	2011	5	0	1	48	296.00	0.00
0	2011	5	0	1	49	215.00	0.00
0	2011	5	0	1	50	184.00	0.00
0	2011	5	0	1	51	163.00	0.00
0	2011	5	0	1	52	142.00	0.00
0	2011	5	0	1	53	123.00	0.00
0	2011	5	0	1	54	117.00	0.00
0	2011	5	0	1	55	117.00	0.00
0	2011	5	0	1	56	82.00	0.00
0	2011	5	0	1	57	70.00	0.00
0	2011	5	0	1	58	87.00	0.00
0	2011	5	0	1	59	82.00	0.00
0	2011	5	0	1	60	60.00	0.00
0	2011	5	0	1	61	47.00	0.00
0	2011	5	0	1	62	38.00	0.00
0	2011	5	0	1	63	28.00	0.00
0	2011	5	0	1	64	40.00	0.00
0	2011	5	0	1	65	32.00	0.00
0	2011	5	0	1	66	22.00	0.00
0	2011	5	0	1	67	36.00	0.00
0	2011	5	0	1	68	26.00	0.00
0	2011	5	0	1	69	27.00	0.00
0	2011	5	0	1	70	36.00	0.00
0	2011	5	0	1	71	34.00	0.00
0	2011	5	0	1	72	21.00	0.00
0	2011	5	0	1	73	32.00	0.00
0	2011	5	0	1	74	29.00	0.00
0	2011	5	0	1	75	27.00	0.00
0	2011	5	0	1	76	22.00	0.00
0	2011	5	0	1	77	13.00	0.00
0	2011	5	0	1	78	17.00	0.00
0	2011	5	0	1	79	15.00	0.00
0	2011	5	0	1	80	17.00	0.00
0	2011	5	0	1	81	11.00	0.00
0	2011	5	0	1	82	15.00	0.00
0	2011	5	0	1	83	10.00	0.00
0	2011	5	0	1	84	9.00	0.00
0	2011	5	0	1	85	9.00	0.00
0	2011	5	0	1	86	5.00	0.00
0	2011	5	0	1	87	8.00	0.00
0	2011	5	0	1	88	6.00	0.00
0	2011	5	0	1	89	9.00	0.00
0	2011	5	0	1	90	9.00	0.00
0	2011	5	0	1	91	1.00	0.00
0	2011	5	0	1	92	2.00	0.00
0	2011	5	0	1	93	0.00	0.00
0	2011	5	0	1	94	0.00	0.00
0	2011	5	0	1	95	4.00	0.00
0	2011	5	0	1	96	1.00	0.00
0	2011	5	0	1	97	3.00	0.00
0	2011	5	0	1	98	0.00	0.00
0	2011	5	0	1	99	1.00	0.00
0	2011	5	0	1	100	4.00	0.00
0	2011	5	0	1	101	0.00	0.00
0	2011	5	0	1	102	0.00	0.00
0	2011	5	0	1	103	0.00	0.00
0	2011	5	0	1	104	0.00	0.00
0	2011	5	0	1	105	0.00	0.00
0	2011	5	0	1	106	0.00	0.00
0	2011	5	0	1	107	0.00	0.00
0	2011	5	0	1	108	0.00	0.00
0	2011	5	0	1	109	0.00	0.00
0	2011	5	0	1	110	0.00	0.00
0	2011	5	0	1	111	0.00	0.00
0	2011	5	0	1	112	0.00	0.00
0	2011	5	0	1	113	0.00	0.00
0	2011	5	0	1	114	0.00	0.00
0	2011	5	0	1	115	0.00	0.00
0	2011	5	0	1	116	0.00	0.00
0	2011	5	0	1	117	0.00	0.00
0	2011	5	0	1	118	0.00	0.00
0	2011	5	0	1	119	0.00	0.00
0	2011	5	0	1	120	0.00	0.00
0	2011	5	1	0	0	127.00	1.00
0	2011	5	1	0	1	254.00	4.00
0	2011	5	1	0	2	444.00	9.00
0	2011	5	1	0	3	639.00	10.00
0	2011	5	1	0	4	765.00	7.00
0	2011	5	1	0	5	962.00	13.00
0	2011	5	1	0	6	966.00	13.00
0	2011	5	1	0	7	1057.00	11.00
0	2011	5	1	0	8	1001.00	9.00
0	2011	5	1	0	9	1160.00	9.00
0	2011	5	1	0	10	1053.00	191.00
0	2011	5	1	0	11	935.00	343.00
0	2011	5	1	0	12	930.00	390.00
0	2011	5	1	0	13	969.00	410.00
0	2011	5	1	0	14	995.00	427.00
0	2011	5	1	0	15	569.00	825.00
0	2011	5	1	0	16	396.00	1088.00
0	2011	5	1	0	17	98.00	1278.00
0	2011	5	1	0	18	170.00	1348.00
0	2011	5	1	0	19	242.00	1325.00
0	2011	5	1	0	20	549.00	1258.00
0	2011	5	1	0	21	1156.00	1254.00
0	2011	5	1	0	22	2027.00	1300.00
0	2011	5	1	0	23	2574.00	1352.00
0	2011	5	1	0	24	3043.00	1305.00
0	2011	5	1	0	25	3858.00	984.00
0	2011	5	1	0	26	4505.00	790.00
0	2011	5	1	0	27	4834.00	673.00
0	2011	5	1	0	28	5397.00	610.00
0	2011	5	1	0	29	5522.00	580.00
0	2011	5	1	0	30	5748.00	418.00
0	2011	5	1	0	31	6198.00	312.00
0	2011	5	1	0	32	5936.00	236.00
0	2011	5	1	0	33	5642.00	232.00
0	2011	5	1	0	34	5809.00	208.00
0	2011	5	1	0	35	5620.00	149.00
0	2011	5	1	0	36	5141.00	123.00
0	2011	5	1	0	37	5259.00	99.00
0	2011	5	1	0	38	5133.00	85.00
0	2011	5	1	0	39	4862.00	82.00
0	2011	5	1	0	40	4757.00	61.00
0	2011	5	1	0	41	4696.00	43.00
0	2011	5	1	0	42	4510.00	38.00
0	2011	5	1	0	43	4287.00	29.00
0	2011	5	1	0	44	4146.00	38.00
0	2011	5	1	0	45	3925.00	23.00
0	2011	5	1	0	46	3633.00	18.00
0	2011	5	1	0	47	3534.00	8.00
0	2011	5	1	0	48	3639.00	13.00
0	2011	5	1	0	49	3854.00	7.00
0	2011	5	1	0	50	3837.00	10.00
0	2011	5	1	0	51	4074.00	4.00
0	2011	5	1	0	52	3970.00	6.00
0	2011	5	1	0	53	3923.00	7.00
0	2011	5	1	0	54	3837.00	9.00
0	2011	5	1	0	55	3678.00	9.00
0	2011	5	1	0	56	3633.00	10.00
0	2011	5	1	0	57	3198.00	4.00
0	2011	5	1	0	58	3045.00	3.00
0	2011	5	1	0	59	2497.00	4.00
0	2011	5	1	0	60	2449.00	3.00
0	2011	5	1	0	61	2300.00	4.00
0	2011	5	1	0	62	2084.00	0.00
0	2011	5	1	0	63	1960.00	1.00
0	2011	5	1	0	64	1777.00	1.00
0	2011	5	1	0	65	1591.00	0.00
0	2011	5	1	0	66	1547.00	1.00
0	2011	5	1	0	67	1329.00	0.00
0	2011	5	1	0	68	1408.00	0.00
0	2011	5	1	0	69	1323.00	1.00
0	2011	5	1	0	70	1416.00	1.00
0	2011	5	1	0	71	1470.00	0.00
0	2011	5	1	0	72	1385.00	0.00
0	2011	5	1	0	73	1336.00	0.00
0	2011	5	1	0	74	1296.00	0.00
0	2011	5	1	0	75	1237.00	0.00
0	2011	5	1	0	76	1174.00	0.00
0	2011	5	1	0	77	1073.00	0.00
0	2011	5	1	0	78	904.00	0.00
0	2011	5	1	0	79	751.00	0.00
0	2011	5	1	0	80	785.00	0.00
0	2011	5	1	0	81	694.00	0.00
0	2011	5	1	0	82	453.00	0.00
0	2011	5	1	0	83	399.00	0.00
0	2011	5	1	0	84	296.00	0.00
0	2011	5	1	0	85	261.00	0.00
0	2011	5	1	0	86	226.00	0.00
0	2011	5	1	0	87	183.00	0.00
0	2011	5	1	0	88	102.00	0.00
0	2011	5	1	0	89	75.00	0.00
0	2011	5	1	0	90	109.00	0.00
0	2011	5	1	0	91	78.00	0.00
0	2011	5	1	0	92	43.00	0.00
0	2011	5	1	0	93	50.00	0.00
0	2011	5	1	0	94	26.00	0.00
0	2011	5	1	0	95	26.00	0.00
0	2011	5	1	0	96	23.00	0.00
0	2011	5	1	0	97	17.00	0.00
0	2011	5	1	0	98	15.00	0.00
0	2011	5	1	0	99	8.00	0.00
0	2011	5	1	0	100	45.00	0.00
0	2011	5	1	0	101	0.00	0.00
0	2011	5	1	0	102	0.00	0.00
0	2011	5	1	0	103	0.00	0.00
0	2011	5	1	0	104	0.00	0.00
0	2011	5	1	0	105	0.00	0.00
0	2011	5	1	0	106	0.00	0.00
0	2011	5	1	0	107	0.00	0.00
0	2011	5	1	0	108	0.00	0.00
0	2011	5	1	0	109	0.00	0.00
0	2011	5	1	0	110	0.00	0.00
0	2011	5	1	0	111	0.00	0.00
0	2011	5	1	0	112	0.00	0.00
0	2011	5	1	0	113	0.00	0.00
0	2011	5	1	0	114	0.00	0.00
0	2011	5	1	0	115	0.00	0.00
0	2011	5	1	0	116	0.00	0.00
0	2011	5	1	0	117	0.00	0.00
0	2011	5	1	0	118	0.00	0.00
0	2011	5	1	0	119	0.00	0.00
0	2011	5	1	0	120	0.00	0.00
0	2011	5	1	1	0	11990.00	0.00
0	2011	5	1	1	1	12329.00	0.00
0	2011	5	1	1	2	12539.00	0.00
0	2011	5	1	1	3	12176.00	0.00
0	2011	5	1	1	4	11796.00	0.00
0	2011	5	1	1	5	11817.00	0.00
0	2011	5	1	1	6	10887.00	0.00
0	2011	5	1	1	7	10327.00	0.00
0	2011	5	1	1	8	10208.00	0.00
0	2011	5	1	1	9	10012.00	0.00
0	2011	5	1	1	10	9215.00	0.00
0	2011	5	1	1	11	8900.00	0.00
0	2011	5	1	1	12	8570.00	0.00
0	2011	5	1	1	13	7980.00	0.00
0	2011	5	1	1	14	7764.00	0.00
0	2011	5	1	1	15	7698.00	0.00
0	2011	5	1	1	16	7541.00	0.00
0	2011	5	1	1	17	7587.00	0.00
0	2011	5	1	1	18	7331.00	0.00
0	2011	5	1	1	19	6891.00	0.00
0	2011	5	1	1	20	6608.00	0.00
0	2011	5	1	1	21	6270.00	0.00
0	2011	5	1	1	22	5917.00	0.00
0	2011	5	1	1	23	6027.00	0.00
0	2011	5	1	1	24	6071.00	0.00
0	2011	5	1	1	25	6073.00	0.00
0	2011	5	1	1	26	5816.00	0.00
0	2011	5	1	1	27	5758.00	0.00
0	2011	5	1	1	28	5755.00	0.00
0	2011	5	1	1	29	5734.00	0.00
0	2011	5	1	1	30	5880.00	0.00
0	2011	5	1	1	31	5502.00	0.00
0	2011	5	1	1	32	4955.00	0.00
0	2011	5	1	1	33	4162.00	0.00
0	2011	5	1	1	34	3727.00	0.00
0	2011	5	1	1	35	3132.00	0.00
0	2011	5	1	1	36	2942.00	0.00
0	2011	5	1	1	37	2944.00	0.00
0	2011	5	1	1	38	3048.00	0.00
0	2011	5	1	1	39	3196.00	0.00
0	2011	5	1	1	40	3127.00	0.00
0	2011	5	1	1	41	2846.00	0.00
0	2011	5	1	1	42	2393.00	0.00
0	2011	5	1	1	43	1945.00	0.00
0	2011	5	1	1	44	1384.00	0.00
0	2011	5	1	1	45	1083.00	0.00
0	2011	5	1	1	46	644.00	0.00
0	2011	5	1	1	47	449.00	0.00
0	2011	5	1	1	48	318.00	0.00
0	2011	5	1	1	49	238.00	0.00
0	2011	5	1	1	50	194.00	0.00
0	2011	5	1	1	51	162.00	0.00
0	2011	5	1	1	52	144.00	0.00
0	2011	5	1	1	53	124.00	0.00
0	2011	5	1	1	54	105.00	0.00
0	2011	5	1	1	55	105.00	0.00
0	2011	5	1	1	56	96.00	0.00
0	2011	5	1	1	57	90.00	0.00
0	2011	5	1	1	58	67.00	0.00
0	2011	5	1	1	59	50.00	0.00
0	2011	5	1	1	60	46.00	0.00
0	2011	5	1	1	61	73.00	0.00
0	2011	5	1	1	62	42.00	0.00
0	2011	5	1	1	63	41.00	0.00
0	2011	5	1	1	64	41.00	0.00
0	2011	5	1	1	65	30.00	0.00
0	2011	5	1	1	66	29.00	0.00
0	2011	5	1	1	67	36.00	0.00
0	2011	5	1	1	68	28.00	0.00
0	2011	5	1	1	69	33.00	0.00
0	2011	5	1	1	70	22.00	0.00
0	2011	5	1	1	71	26.00	0.00
0	2011	5	1	1	72	36.00	0.00
0	2011	5	1	1	73	27.00	0.00
0	2011	5	1	1	74	20.00	0.00
0	2011	5	1	1	75	34.00	0.00
0	2011	5	1	1	76	28.00	0.00
0	2011	5	1	1	77	24.00	0.00
0	2011	5	1	1	78	24.00	0.00
0	2011	5	1	1	79	15.00	0.00
0	2011	5	1	1	80	22.00	0.00
0	2011	5	1	1	81	12.00	0.00
0	2011	5	1	1	82	21.00	0.00
0	2011	5	1	1	83	14.00	0.00
0	2011	5	1	1	84	12.00	0.00
0	2011	5	1	1	85	5.00	0.00
0	2011	5	1	1	86	4.00	0.00
0	2011	5	1	1	87	3.00	0.00
0	2011	5	1	1	88	4.00	0.00
0	2011	5	1	1	89	0.00	0.00
0	2011	5	1	1	90	3.00	0.00
0	2011	5	1	1	91	5.00	0.00
0	2011	5	1	1	92	2.00	0.00
0	2011	5	1	1	93	2.00	0.00
0	2011	5	1	1	94	2.00	0.00
0	2011	5	1	1	95	1.00	0.00
0	2011	5	1	1	96	0.00	0.00
0	2011	5	1	1	97	1.00	0.00
0	2011	5	1	1	98	1.00	0.00
0	2011	5	1	1	99	5.00	0.00
0	2011	5	1	1	100	4.00	0.00
0	2011	5	1	1	101	0.00	0.00
0	2011	5	1	1	102	0.00	0.00
0	2011	5	1	1	103	0.00	0.00
0	2011	5	1	1	104	0.00	0.00
0	2011	5	1	1	105	0.00	0.00
0	2011	5	1	1	106	0.00	0.00
0	2011	5	1	1	107	0.00	0.00
0	2011	5	1	1	108	0.00	0.00
0	2011	5	1	1	109	0.00	0.00
0	2011	5	1	1	110	0.00	0.00
0	2011	5	1	1	111	0.00	0.00
0	2011	5	1	1	112	0.00	0.00
0	2011	5	1	1	113	0.00	0.00
0	2011	5	1	1	114	0.00	0.00
0	2011	5	1	1	115	0.00	0.00
0	2011	5	1	1	116	0.00	0.00
0	2011	5	1	1	117	0.00	0.00
0	2011	5	1	1	118	0.00	0.00
0	2011	5	1	1	119	0.00	0.00
0	2011	5	1	1	120	0.00	0.00
