ModelYear	Year	Ethnicity	Sex	ROB	Age	Value	ShortTerm
0	2011	0	0	0	0	1988.00	0.00
0	2011	0	0	0	1	4072.00	0.00
0	2011	0	0	0	2	5691.00	0.00
0	2011	0	0	0	3	6550.00	0.00
0	2011	0	0	0	4	7359.00	0.00
0	2011	0	0	0	5	8218.00	0.00
0	2011	0	0	0	6	8229.00	0.00
0	2011	0	0	0	7	8734.00	0.00
0	2011	0	0	0	8	8592.00	0.00
0	2011	0	0	0	9	8802.00	0.00
0	2011	0	0	0	10	9060.00	0.00
0	2011	0	0	0	11	9379.00	0.00
0	2011	0	0	0	12	9582.00	0.00
0	2011	0	0	0	13	9845.00	0.00
0	2011	0	0	0	14	10263.00	0.00
0	2011	0	0	0	15	10598.00	0.00
0	2011	0	0	0	16	10569.00	0.00
0	2011	0	0	0	17	10982.00	0.00
0	2011	0	0	0	18	12418.00	0.00
0	2011	0	0	0	19	15072.00	0.00
0	2011	0	0	0	20	18796.00	0.00
0	2011	0	0	0	21	20501.00	0.00
0	2011	0	0	0	22	22785.00	0.00
0	2011	0	0	0	23	25738.00	0.00
0	2011	0	0	0	24	29998.00	0.00
0	2011	0	0	0	25	36131.00	0.00
0	2011	0	0	0	26	40292.00	0.00
0	2011	0	0	0	27	44861.00	0.00
0	2011	0	0	0	28	47608.00	0.00
0	2011	0	0	0	29	48381.00	0.00
0	2011	0	0	0	30	49327.00	0.00
0	2011	0	0	0	31	47629.00	0.00
0	2011	0	0	0	32	45194.00	0.00
0	2011	0	0	0	33	42477.00	0.00
0	2011	0	0	0	34	41011.00	0.00
0	2011	0	0	0	35	37896.00	0.00
0	2011	0	0	0	36	35847.00	0.00
0	2011	0	0	0	37	33383.00	0.00
0	2011	0	0	0	38	31572.00	0.00
0	2011	0	0	0	39	29883.00	0.00
0	2011	0	0	0	40	28541.00	0.00
0	2011	0	0	0	41	26905.00	0.00
0	2011	0	0	0	42	25208.00	0.00
0	2011	0	0	0	43	24384.00	0.00
0	2011	0	0	0	44	23560.00	0.00
0	2011	0	0	0	45	22717.00	0.00
0	2011	0	0	0	46	22210.00	0.00
0	2011	0	0	0	47	21717.00	0.00
0	2011	0	0	0	48	20524.00	0.00
0	2011	0	0	0	49	19479.00	0.00
0	2011	0	0	0	50	19293.00	0.00
0	2011	0	0	0	51	18487.00	0.00
0	2011	0	0	0	52	17775.00	0.00
0	2011	0	0	0	53	17024.00	0.00
0	2011	0	0	0	54	16378.00	0.00
0	2011	0	0	0	55	15983.00	0.00
0	2011	0	0	0	56	15192.00	0.00
0	2011	0	0	0	57	14290.00	0.00
0	2011	0	0	0	58	14332.00	0.00
0	2011	0	0	0	59	13936.00	0.00
0	2011	0	0	0	60	13556.00	0.00
0	2011	0	0	0	61	13583.00	0.00
0	2011	0	0	0	62	13993.00	0.00
0	2011	0	0	0	63	14310.00	0.00
0	2011	0	0	0	64	13580.00	0.00
0	2011	0	0	0	65	11611.00	0.00
0	2011	0	0	0	66	11341.00	0.00
0	2011	0	0	0	67	11262.00	0.00
0	2011	0	0	0	68	10477.00	0.00
0	2011	0	0	0	69	9942.00	0.00
0	2011	0	0	0	70	10025.00	0.00
0	2011	0	0	0	71	9972.00	0.00
0	2011	0	0	0	72	9358.00	0.00
0	2011	0	0	0	73	8991.00	0.00
0	2011	0	0	0	74	8631.00	0.00
0	2011	0	0	0	75	8133.00	0.00
0	2011	0	0	0	76	7468.00	0.00
0	2011	0	0	0	77	7048.00	0.00
0	2011	0	0	0	78	6475.00	0.00
0	2011	0	0	0	79	6369.00	0.00
0	2011	0	0	0	80	6032.00	0.00
0	2011	0	0	0	81	5560.00	0.00
0	2011	0	0	0	82	5113.00	0.00
0	2011	0	0	0	83	4952.00	0.00
0	2011	0	0	0	84	5100.00	0.00
0	2011	0	0	0	85	4847.00	0.00
0	2011	0	0	0	86	4193.00	0.00
0	2011	0	0	0	87	3430.00	0.00
0	2011	0	0	0	88	2846.00	0.00
0	2011	0	0	0	89	2223.00	0.00
0	2011	0	0	0	90	1753.00	0.00
0	2011	0	0	0	91	1252.00	0.00
0	2011	0	0	0	92	779.00	0.00
0	2011	0	0	0	93	525.00	0.00
0	2011	0	0	0	94	382.00	0.00
0	2011	0	0	0	95	319.00	0.00
0	2011	0	0	0	96	254.00	0.00
0	2011	0	0	0	97	158.00	0.00
0	2011	0	0	0	98	127.00	0.00
0	2011	0	0	0	99	86.00	0.00
0	2011	0	0	0	100	94.00	0.00
0	2011	0	0	0	101	0.00	0.00
0	2011	0	0	0	102	0.00	0.00
0	2011	0	0	0	103	0.00	0.00
0	2011	0	0	0	104	0.00	0.00
0	2011	0	0	0	105	0.00	0.00
0	2011	0	0	0	106	0.00	0.00
0	2011	0	0	0	107	0.00	0.00
0	2011	0	0	0	108	0.00	0.00
0	2011	0	0	0	109	0.00	0.00
0	2011	0	0	0	110	0.00	0.00
0	2011	0	0	0	111	0.00	0.00
0	2011	0	0	0	112	0.00	0.00
0	2011	0	0	0	113	0.00	0.00
0	2011	0	0	0	114	0.00	0.00
0	2011	0	0	0	115	0.00	0.00
0	2011	0	0	0	116	0.00	0.00
0	2011	0	0	0	117	0.00	0.00
0	2011	0	0	0	118	0.00	0.00
0	2011	0	0	0	119	0.00	0.00
0	2011	0	0	0	120	0.00	0.00
0	2011	0	0	1	0	262791.00	0.00
0	2011	0	0	1	1	256107.00	0.00
0	2011	0	0	1	2	251099.00	0.00
0	2011	0	0	1	3	251528.00	0.00
0	2011	0	0	1	4	244957.00	0.00
0	2011	0	0	1	5	238370.00	0.00
0	2011	0	0	1	6	228249.00	0.00
0	2011	0	0	1	7	227909.00	0.00
0	2011	0	0	1	8	220772.00	0.00
0	2011	0	0	1	9	221265.00	0.00
0	2011	0	0	1	10	228929.00	0.00
0	2011	0	0	1	11	239222.00	0.00
0	2011	0	0	1	12	246131.00	0.00
0	2011	0	0	1	13	250331.00	0.00
0	2011	0	0	1	14	256350.00	0.00
0	2011	0	0	1	15	262744.00	0.00
0	2011	0	0	1	16	261527.00	0.00
0	2011	0	0	1	17	268331.00	0.00
0	2011	0	0	1	18	268606.00	0.00
0	2011	0	0	1	19	273316.00	0.00
0	2011	0	0	1	20	282535.00	0.00
0	2011	0	0	1	21	269481.00	0.00
0	2011	0	0	1	22	263147.00	0.00
0	2011	0	0	1	23	265045.00	0.00
0	2011	0	0	1	24	251402.00	0.00
0	2011	0	0	1	25	255872.00	0.00
0	2011	0	0	1	26	249589.00	0.00
0	2011	0	0	1	27	242822.00	0.00
0	2011	0	0	1	28	238800.00	0.00
0	2011	0	0	1	29	241129.00	0.00
0	2011	0	0	1	30	246327.00	0.00
0	2011	0	0	1	31	244026.00	0.00
0	2011	0	0	1	32	231523.00	0.00
0	2011	0	0	1	33	217123.00	0.00
0	2011	0	0	1	34	219598.00	0.00
0	2011	0	0	1	35	226944.00	0.00
0	2011	0	0	1	36	240476.00	0.00
0	2011	0	0	1	37	250710.00	0.00
0	2011	0	0	1	38	270129.00	0.00
0	2011	0	0	1	39	289765.00	0.00
0	2011	0	0	1	40	295298.00	0.00
0	2011	0	0	1	41	292385.00	0.00
0	2011	0	0	1	42	303599.00	0.00
0	2011	0	0	1	43	307301.00	0.00
0	2011	0	0	1	44	318349.00	0.00
0	2011	0	0	1	45	319085.00	0.00
0	2011	0	0	1	46	324497.00	0.00
0	2011	0	0	1	47	320048.00	0.00
0	2011	0	0	1	48	315877.00	0.00
0	2011	0	0	1	49	310437.00	0.00
0	2011	0	0	1	50	300999.00	0.00
0	2011	0	0	1	51	287813.00	0.00
0	2011	0	0	1	52	285458.00	0.00
0	2011	0	0	1	53	281584.00	0.00
0	2011	0	0	1	54	269427.00	0.00
0	2011	0	0	1	55	260068.00	0.00
0	2011	0	0	1	56	255356.00	0.00
0	2011	0	0	1	57	260162.00	0.00
0	2011	0	0	1	58	253416.00	0.00
0	2011	0	0	1	59	252341.00	0.00
0	2011	0	0	1	60	255280.00	0.00
0	2011	0	0	1	61	265392.00	0.00
0	2011	0	0	1	62	275362.00	0.00
0	2011	0	0	1	63	303075.00	0.00
0	2011	0	0	1	64	308213.00	0.00
0	2011	0	0	1	65	232305.00	0.00
0	2011	0	0	1	66	247030.00	0.00
0	2011	0	0	1	67	228435.00	0.00
0	2011	0	0	1	68	213807.00	0.00
0	2011	0	0	1	69	182962.00	0.00
0	2011	0	0	1	70	173269.00	0.00
0	2011	0	0	1	71	180105.00	0.00
0	2011	0	0	1	72	176254.00	0.00
0	2011	0	0	1	73	170202.00	0.00
0	2011	0	0	1	74	161422.00	0.00
0	2011	0	0	1	75	151647.00	0.00
0	2011	0	0	1	76	144117.00	0.00
0	2011	0	0	1	77	132669.00	0.00
0	2011	0	0	1	78	127923.00	0.00
0	2011	0	0	1	79	121550.00	0.00
0	2011	0	0	1	80	115273.00	0.00
0	2011	0	0	1	81	103663.00	0.00
0	2011	0	0	1	82	93582.00	0.00
0	2011	0	0	1	83	82716.00	0.00
0	2011	0	0	1	84	75425.00	0.00
0	2011	0	0	1	85	66078.00	0.00
0	2011	0	0	1	86	56401.00	0.00
0	2011	0	0	1	87	48755.00	0.00
0	2011	0	0	1	88	41343.00	0.00
0	2011	0	0	1	89	36650.00	0.00
0	2011	0	0	1	90	31116.00	0.00
0	2011	0	0	1	91	22031.00	0.00
0	2011	0	0	1	92	12372.00	0.00
0	2011	0	0	1	93	8892.00	0.00
0	2011	0	0	1	94	7704.00	0.00
0	2011	0	0	1	95	5631.00	0.00
0	2011	0	0	1	96	4235.00	0.00
0	2011	0	0	1	97	2766.00	0.00
0	2011	0	0	1	98	1863.00	0.00
0	2011	0	0	1	99	1061.00	0.00
0	2011	0	0	1	100	1598.00	0.00
0	2011	0	0	1	101	0.00	0.00
0	2011	0	0	1	102	0.00	0.00
0	2011	0	0	1	103	0.00	0.00
0	2011	0	0	1	104	0.00	0.00
0	2011	0	0	1	105	0.00	0.00
0	2011	0	0	1	106	0.00	0.00
0	2011	0	0	1	107	0.00	0.00
0	2011	0	0	1	108	0.00	0.00
0	2011	0	0	1	109	0.00	0.00
0	2011	0	0	1	110	0.00	0.00
0	2011	0	0	1	111	0.00	0.00
0	2011	0	0	1	112	0.00	0.00
0	2011	0	0	1	113	0.00	0.00
0	2011	0	0	1	114	0.00	0.00
0	2011	0	0	1	115	0.00	0.00
0	2011	0	0	1	116	0.00	0.00
0	2011	0	0	1	117	0.00	0.00
0	2011	0	0	1	118	0.00	0.00
0	2011	0	0	1	119	0.00	0.00
0	2011	0	0	1	120	0.00	0.00
0	2011	0	1	0	0	1931.00	0.00
0	2011	0	1	0	1	4015.00	0.00
0	2011	0	1	0	2	5279.00	0.00
0	2011	0	1	0	3	6271.00	0.00
0	2011	0	1	0	4	7239.00	0.00
0	2011	0	1	0	5	8023.00	0.00
0	2011	0	1	0	6	8088.00	0.00
0	2011	0	1	0	7	8463.00	0.00
0	2011	0	1	0	8	8281.00	0.00
0	2011	0	1	0	9	8272.00	0.00
0	2011	0	1	0	10	8705.00	0.00
0	2011	0	1	0	11	8830.00	0.00
0	2011	0	1	0	12	9161.00	0.00
0	2011	0	1	0	13	9593.00	0.00
0	2011	0	1	0	14	9681.00	0.00
0	2011	0	1	0	15	9908.00	0.00
0	2011	0	1	0	16	9976.00	0.00
0	2011	0	1	0	17	10712.00	0.00
0	2011	0	1	0	18	12741.00	0.00
0	2011	0	1	0	19	17425.00	0.00
0	2011	0	1	0	20	20828.00	0.00
0	2011	0	1	0	21	23176.00	0.00
0	2011	0	1	0	22	26709.00	0.00
0	2011	0	1	0	23	32009.00	0.00
0	2011	0	1	0	24	37963.00	0.00
0	2011	0	1	0	25	43152.00	0.00
0	2011	0	1	0	26	47483.00	0.00
0	2011	0	1	0	27	50765.00	0.00
0	2011	0	1	0	28	53229.00	0.00
0	2011	0	1	0	29	53223.00	0.00
0	2011	0	1	0	30	51218.00	0.00
0	2011	0	1	0	31	49518.00	0.00
0	2011	0	1	0	32	46334.00	0.00
0	2011	0	1	0	33	43502.00	0.00
0	2011	0	1	0	34	41256.00	0.00
0	2011	0	1	0	35	38761.00	0.00
0	2011	0	1	0	36	36902.00	0.00
0	2011	0	1	0	37	34707.00	0.00
0	2011	0	1	0	38	32740.00	0.00
0	2011	0	1	0	39	31750.00	0.00
0	2011	0	1	0	40	30627.00	0.00
0	2011	0	1	0	41	28321.00	0.00
0	2011	0	1	0	42	27629.00	0.00
0	2011	0	1	0	43	26157.00	0.00
0	2011	0	1	0	44	25433.00	0.00
0	2011	0	1	0	45	24455.00	0.00
0	2011	0	1	0	46	23920.00	0.00
0	2011	0	1	0	47	23728.00	0.00
0	2011	0	1	0	48	22478.00	0.00
0	2011	0	1	0	49	21488.00	0.00
0	2011	0	1	0	50	21358.00	0.00
0	2011	0	1	0	51	20629.00	0.00
0	2011	0	1	0	52	20040.00	0.00
0	2011	0	1	0	53	19599.00	0.00
0	2011	0	1	0	54	18800.00	0.00
0	2011	0	1	0	55	18523.00	0.00
0	2011	0	1	0	56	17959.00	0.00
0	2011	0	1	0	57	17599.00	0.00
0	2011	0	1	0	58	17615.00	0.00
0	2011	0	1	0	59	17014.00	0.00
0	2011	0	1	0	60	16892.00	0.00
0	2011	0	1	0	61	17215.00	0.00
0	2011	0	1	0	62	17484.00	0.00
0	2011	0	1	0	63	17873.00	0.00
0	2011	0	1	0	64	17044.00	0.00
0	2011	0	1	0	65	14366.00	0.00
0	2011	0	1	0	66	14069.00	0.00
0	2011	0	1	0	67	14054.00	0.00
0	2011	0	1	0	68	13247.00	0.00
0	2011	0	1	0	69	13100.00	0.00
0	2011	0	1	0	70	12719.00	0.00
0	2011	0	1	0	71	13041.00	0.00
0	2011	0	1	0	72	12593.00	0.00
0	2011	0	1	0	73	12231.00	0.00
0	2011	0	1	0	74	12255.00	0.00
0	2011	0	1	0	75	11915.00	0.00
0	2011	0	1	0	76	11281.00	0.00
0	2011	0	1	0	77	10728.00	0.00
0	2011	0	1	0	78	10439.00	0.00
0	2011	0	1	0	79	10351.00	0.00
0	2011	0	1	0	80	10658.00	0.00
0	2011	0	1	0	81	10760.00	0.00
0	2011	0	1	0	82	10345.00	0.00
0	2011	0	1	0	83	9907.00	0.00
0	2011	0	1	0	84	9477.00	0.00
0	2011	0	1	0	85	8556.00	0.00
0	2011	0	1	0	86	7844.00	0.00
0	2011	0	1	0	87	6689.00	0.00
0	2011	0	1	0	88	5548.00	0.00
0	2011	0	1	0	89	4698.00	0.00
0	2011	0	1	0	90	3913.00	0.00
0	2011	0	1	0	91	2854.00	0.00
0	2011	0	1	0	92	1844.00	0.00
0	2011	0	1	0	93	1410.00	0.00
0	2011	0	1	0	94	1064.00	0.00
0	2011	0	1	0	95	846.00	0.00
0	2011	0	1	0	96	757.00	0.00
0	2011	0	1	0	97	487.00	0.00
0	2011	0	1	0	98	351.00	0.00
0	2011	0	1	0	99	220.00	0.00
0	2011	0	1	0	100	331.00	0.00
0	2011	0	1	0	101	0.00	0.00
0	2011	0	1	0	102	0.00	0.00
0	2011	0	1	0	103	0.00	0.00
0	2011	0	1	0	104	0.00	0.00
0	2011	0	1	0	105	0.00	0.00
0	2011	0	1	0	106	0.00	0.00
0	2011	0	1	0	107	0.00	0.00
0	2011	0	1	0	108	0.00	0.00
0	2011	0	1	0	109	0.00	0.00
0	2011	0	1	0	110	0.00	0.00
0	2011	0	1	0	111	0.00	0.00
0	2011	0	1	0	112	0.00	0.00
0	2011	0	1	0	113	0.00	0.00
0	2011	0	1	0	114	0.00	0.00
0	2011	0	1	0	115	0.00	0.00
0	2011	0	1	0	116	0.00	0.00
0	2011	0	1	0	117	0.00	0.00
0	2011	0	1	0	118	0.00	0.00
0	2011	0	1	0	119	0.00	0.00
0	2011	0	1	0	120	0.00	0.00
0	2011	0	1	1	0	249289.00	0.00
0	2011	0	1	1	1	243335.00	0.00
0	2011	0	1	1	2	240072.00	0.00
0	2011	0	1	1	3	237758.00	0.00
0	2011	0	1	1	4	233191.00	0.00
0	2011	0	1	1	5	227005.00	0.00
0	2011	0	1	1	6	217015.00	0.00
0	2011	0	1	1	7	216344.00	0.00
0	2011	0	1	1	8	208691.00	0.00
0	2011	0	1	1	9	210667.00	0.00
0	2011	0	1	1	10	219024.00	0.00
0	2011	0	1	1	11	227105.00	0.00
0	2011	0	1	1	12	234253.00	0.00
0	2011	0	1	1	13	238405.00	0.00
0	2011	0	1	1	14	243873.00	0.00
0	2011	0	1	1	15	247549.00	0.00
0	2011	0	1	1	16	247725.00	0.00
0	2011	0	1	1	17	254459.00	0.00
0	2011	0	1	1	18	257911.00	0.00
0	2011	0	1	1	19	267386.00	0.00
0	2011	0	1	1	20	269001.00	0.00
0	2011	0	1	1	21	258904.00	0.00
0	2011	0	1	1	22	259248.00	0.00
0	2011	0	1	1	23	261138.00	0.00
0	2011	0	1	1	24	252286.00	0.00
0	2011	0	1	1	25	248959.00	0.00
0	2011	0	1	1	26	245241.00	0.00
0	2011	0	1	1	27	239191.00	0.00
0	2011	0	1	1	28	236819.00	0.00
0	2011	0	1	1	29	240245.00	0.00
0	2011	0	1	1	30	246520.00	0.00
0	2011	0	1	1	31	243195.00	0.00
0	2011	0	1	1	32	229366.00	0.00
0	2011	0	1	1	33	216078.00	0.00
0	2011	0	1	1	34	219052.00	0.00
0	2011	0	1	1	35	230246.00	0.00
0	2011	0	1	1	36	242264.00	0.00
0	2011	0	1	1	37	253647.00	0.00
0	2011	0	1	1	38	272014.00	0.00
0	2011	0	1	1	39	292285.00	0.00
0	2011	0	1	1	40	301433.00	0.00
0	2011	0	1	1	41	297422.00	0.00
0	2011	0	1	1	42	310156.00	0.00
0	2011	0	1	1	43	312170.00	0.00
0	2011	0	1	1	44	320492.00	0.00
0	2011	0	1	1	45	325405.00	0.00
0	2011	0	1	1	46	329482.00	0.00
0	2011	0	1	1	47	324189.00	0.00
0	2011	0	1	1	48	319509.00	0.00
0	2011	0	1	1	49	312455.00	0.00
0	2011	0	1	1	50	302393.00	0.00
0	2011	0	1	1	51	288940.00	0.00
0	2011	0	1	1	52	286883.00	0.00
0	2011	0	1	1	53	281591.00	0.00
0	2011	0	1	1	54	271174.00	0.00
0	2011	0	1	1	55	261090.00	0.00
0	2011	0	1	1	56	257710.00	0.00
0	2011	0	1	1	57	262080.00	0.00
0	2011	0	1	1	58	256198.00	0.00
0	2011	0	1	1	59	255718.00	0.00
0	2011	0	1	1	60	258922.00	0.00
0	2011	0	1	1	61	270327.00	0.00
0	2011	0	1	1	62	278999.00	0.00
0	2011	0	1	1	63	308811.00	0.00
0	2011	0	1	1	64	314565.00	0.00
0	2011	0	1	1	65	238855.00	0.00
0	2011	0	1	1	66	254863.00	0.00
0	2011	0	1	1	67	237461.00	0.00
0	2011	0	1	1	68	225331.00	0.00
0	2011	0	1	1	69	195183.00	0.00
0	2011	0	1	1	70	187748.00	0.00
0	2011	0	1	1	71	197350.00	0.00
0	2011	0	1	1	72	194879.00	0.00
0	2011	0	1	1	73	189398.00	0.00
0	2011	0	1	1	74	182703.00	0.00
0	2011	0	1	1	75	175206.00	0.00
0	2011	0	1	1	76	168391.00	0.00
0	2011	0	1	1	77	159430.00	0.00
0	2011	0	1	1	78	157711.00	0.00
0	2011	0	1	1	79	154891.00	0.00
0	2011	0	1	1	80	152490.00	0.00
0	2011	0	1	1	81	141885.00	0.00
0	2011	0	1	1	82	132206.00	0.00
0	2011	0	1	1	83	121187.00	0.00
0	2011	0	1	1	84	115208.00	0.00
0	2011	0	1	1	85	106888.00	0.00
0	2011	0	1	1	86	98052.00	0.00
0	2011	0	1	1	87	90872.00	0.00
0	2011	0	1	1	88	82837.00	0.00
0	2011	0	1	1	89	77749.00	0.00
0	2011	0	1	1	90	71009.00	0.00
0	2011	0	1	1	91	54606.00	0.00
0	2011	0	1	1	92	33803.00	0.00
0	2011	0	1	1	93	25992.00	0.00
0	2011	0	1	1	94	24331.00	0.00
0	2011	0	1	1	95	19073.00	0.00
0	2011	0	1	1	96	15418.00	0.00
0	2011	0	1	1	97	11333.00	0.00
0	2011	0	1	1	98	7793.00	0.00
0	2011	0	1	1	99	5204.00	0.00
0	2011	0	1	1	100	8209.00	0.00
0	2011	0	1	1	101	0.00	0.00
0	2011	0	1	1	102	0.00	0.00
0	2011	0	1	1	103	0.00	0.00
0	2011	0	1	1	104	0.00	0.00
0	2011	0	1	1	105	0.00	0.00
0	2011	0	1	1	106	0.00	0.00
0	2011	0	1	1	107	0.00	0.00
0	2011	0	1	1	108	0.00	0.00
0	2011	0	1	1	109	0.00	0.00
0	2011	0	1	1	110	0.00	0.00
0	2011	0	1	1	111	0.00	0.00
0	2011	0	1	1	112	0.00	0.00
0	2011	0	1	1	113	0.00	0.00
0	2011	0	1	1	114	0.00	0.00
0	2011	0	1	1	115	0.00	0.00
0	2011	0	1	1	116	0.00	0.00
0	2011	0	1	1	117	0.00	0.00
0	2011	0	1	1	118	0.00	0.00
0	2011	0	1	1	119	0.00	0.00
0	2011	0	1	1	120	0.00	0.00
0	2011	1	0	0	0	30.00	0.00
0	2011	1	0	0	1	76.00	2.00
0	2011	1	0	0	2	112.00	2.00
0	2011	1	0	0	3	163.00	4.00
0	2011	1	0	0	4	213.00	1.00
0	2011	1	0	0	5	261.00	5.00
0	2011	1	0	0	6	320.00	3.00
0	2011	1	0	0	7	276.00	4.00
0	2011	1	0	0	8	304.00	2.00
0	2011	1	0	0	9	368.00	3.00
0	2011	1	0	0	10	389.00	3.00
0	2011	1	0	0	11	483.00	5.00
0	2011	1	0	0	12	478.00	11.00
0	2011	1	0	0	13	529.00	10.00
0	2011	1	0	0	14	554.00	9.00
0	2011	1	0	0	15	585.00	89.00
0	2011	1	0	0	16	642.00	197.00
0	2011	1	0	0	17	705.00	373.00
0	2011	1	0	0	18	849.00	394.00
0	2011	1	0	0	19	1162.00	416.00
0	2011	1	0	0	20	1576.00	597.00
0	2011	1	0	0	21	1802.00	960.00
0	2011	1	0	0	22	1952.00	1388.00
0	2011	1	0	0	23	2040.00	1444.00
0	2011	1	0	0	24	2049.00	1494.00
0	2011	1	0	0	25	2314.00	1459.00
0	2011	1	0	0	26	2639.00	1351.00
0	2011	1	0	0	27	2577.00	1093.00
0	2011	1	0	0	28	2875.00	1132.00
0	2011	1	0	0	29	3045.00	1099.00
0	2011	1	0	0	30	3242.00	1023.00
0	2011	1	0	0	31	3502.00	774.00
0	2011	1	0	0	32	3396.00	535.00
0	2011	1	0	0	33	3602.00	437.00
0	2011	1	0	0	34	3787.00	427.00
0	2011	1	0	0	35	3749.00	350.00
0	2011	1	0	0	36	3716.00	276.00
0	2011	1	0	0	37	3973.00	217.00
0	2011	1	0	0	38	3130.00	206.00
0	2011	1	0	0	39	3236.00	181.00
0	2011	1	0	0	40	3343.00	174.00
0	2011	1	0	0	41	3117.00	161.00
0	2011	1	0	0	42	2769.00	114.00
0	2011	1	0	0	43	2555.00	92.00
0	2011	1	0	0	44	2199.00	92.00
0	2011	1	0	0	45	1821.00	92.00
0	2011	1	0	0	46	1602.00	66.00
0	2011	1	0	0	47	1842.00	44.00
0	2011	1	0	0	48	1759.00	43.00
0	2011	1	0	0	49	1733.00	24.00
0	2011	1	0	0	50	1523.00	40.00
0	2011	1	0	0	51	1584.00	27.00
0	2011	1	0	0	52	1562.00	13.00
0	2011	1	0	0	53	1443.00	9.00
0	2011	1	0	0	54	1289.00	8.00
0	2011	1	0	0	55	1156.00	7.00
0	2011	1	0	0	56	1016.00	5.00
0	2011	1	0	0	57	847.00	8.00
0	2011	1	0	0	58	726.00	8.00
0	2011	1	0	0	59	491.00	5.00
0	2011	1	0	0	60	334.00	5.00
0	2011	1	0	0	61	299.00	3.00
0	2011	1	0	0	62	243.00	1.00
0	2011	1	0	0	63	227.00	1.00
0	2011	1	0	0	64	228.00	0.00
0	2011	1	0	0	65	253.00	2.00
0	2011	1	0	0	66	302.00	0.00
0	2011	1	0	0	67	354.00	0.00
0	2011	1	0	0	68	480.00	0.00
0	2011	1	0	0	69	461.00	0.00
0	2011	1	0	0	70	689.00	0.00
0	2011	1	0	0	71	677.00	0.00
0	2011	1	0	0	72	616.00	0.00
0	2011	1	0	0	73	680.00	0.00
0	2011	1	0	0	74	701.00	0.00
0	2011	1	0	0	75	555.00	0.00
0	2011	1	0	0	76	453.00	0.00
0	2011	1	0	0	77	346.00	0.00
0	2011	1	0	0	78	365.00	0.00
0	2011	1	0	0	79	351.00	0.00
0	2011	1	0	0	80	298.00	0.00
0	2011	1	0	0	81	266.00	0.00
0	2011	1	0	0	82	135.00	0.00
0	2011	1	0	0	83	153.00	0.00
0	2011	1	0	0	84	114.00	0.00
0	2011	1	0	0	85	49.00	0.00
0	2011	1	0	0	86	51.00	0.00
0	2011	1	0	0	87	24.00	0.00
0	2011	1	0	0	88	22.00	0.00
0	2011	1	0	0	89	25.00	0.00
0	2011	1	0	0	90	18.00	0.00
0	2011	1	0	0	91	16.00	0.00
0	2011	1	0	0	92	7.00	0.00
0	2011	1	0	0	93	5.00	0.00
0	2011	1	0	0	94	3.00	0.00
0	2011	1	0	0	95	2.00	0.00
0	2011	1	0	0	96	4.00	0.00
0	2011	1	0	0	97	2.00	0.00
0	2011	1	0	0	98	0.00	0.00
0	2011	1	0	0	99	1.00	0.00
0	2011	1	0	0	100	0.00	0.00
0	2011	1	0	0	101	0.00	0.00
0	2011	1	0	0	102	0.00	1.00
0	2011	1	0	0	103	0.00	1.00
0	2011	1	0	0	104	0.00	1.00
0	2011	1	0	0	105	0.00	2.00
0	2011	1	0	0	106	0.00	1.00
0	2011	1	0	0	107	0.00	0.00
0	2011	1	0	0	108	0.00	0.00
0	2011	1	0	0	109	0.00	0.00
0	2011	1	0	0	110	0.00	1.00
0	2011	1	0	0	111	0.00	0.00
0	2011	1	0	0	112	0.00	0.00
0	2011	1	0	0	113	0.00	0.00
0	2011	1	0	0	114	0.00	0.00
0	2011	1	0	0	115	0.00	0.00
0	2011	1	0	0	116	0.00	0.00
0	2011	1	0	0	117	0.00	0.00
0	2011	1	0	0	118	0.00	0.00
0	2011	1	0	0	119	0.00	0.00
0	2011	1	0	0	120	0.00	0.00
0	2011	1	0	1	0	4827.00	0.00
0	2011	1	0	1	1	4810.00	0.00
0	2011	1	0	1	2	4760.00	0.00
0	2011	1	0	1	3	5134.00	0.00
0	2011	1	0	1	4	4934.00	0.00
0	2011	1	0	1	5	4936.00	0.00
0	2011	1	0	1	6	4717.00	0.00
0	2011	1	0	1	7	4774.00	0.00
0	2011	1	0	1	8	4732.00	0.00
0	2011	1	0	1	9	4432.00	0.00
0	2011	1	0	1	10	4121.00	0.00
0	2011	1	0	1	11	4018.00	0.00
0	2011	1	0	1	12	4071.00	0.00
0	2011	1	0	1	13	4056.00	0.00
0	2011	1	0	1	14	3762.00	0.00
0	2011	1	0	1	15	3782.00	0.00
0	2011	1	0	1	16	3332.00	0.00
0	2011	1	0	1	17	3112.00	0.00
0	2011	1	0	1	18	2969.00	0.00
0	2011	1	0	1	19	2802.00	0.00
0	2011	1	0	1	20	2868.00	0.00
0	2011	1	0	1	21	2605.00	0.00
0	2011	1	0	1	22	2319.00	0.00
0	2011	1	0	1	23	2370.00	0.00
0	2011	1	0	1	24	2135.00	0.00
0	2011	1	0	1	25	2066.00	0.00
0	2011	1	0	1	26	1929.00	0.00
0	2011	1	0	1	27	1859.00	0.00
0	2011	1	0	1	28	1699.00	0.00
0	2011	1	0	1	29	1435.00	0.00
0	2011	1	0	1	30	1376.00	0.00
0	2011	1	0	1	31	1059.00	0.00
0	2011	1	0	1	32	875.00	0.00
0	2011	1	0	1	33	778.00	0.00
0	2011	1	0	1	34	714.00	0.00
0	2011	1	0	1	35	568.00	0.00
0	2011	1	0	1	36	485.00	0.00
0	2011	1	0	1	37	526.00	0.00
0	2011	1	0	1	38	393.00	0.00
0	2011	1	0	1	39	407.00	0.00
0	2011	1	0	1	40	299.00	0.00
0	2011	1	0	1	41	232.00	0.00
0	2011	1	0	1	42	196.00	0.00
0	2011	1	0	1	43	157.00	0.00
0	2011	1	0	1	44	99.00	0.00
0	2011	1	0	1	45	83.00	0.00
0	2011	1	0	1	46	72.00	0.00
0	2011	1	0	1	47	64.00	0.00
0	2011	1	0	1	48	70.00	0.00
0	2011	1	0	1	49	37.00	0.00
0	2011	1	0	1	50	49.00	0.00
0	2011	1	0	1	51	44.00	0.00
0	2011	1	0	1	52	34.00	0.00
0	2011	1	0	1	53	40.00	0.00
0	2011	1	0	1	54	24.00	0.00
0	2011	1	0	1	55	32.00	0.00
0	2011	1	0	1	56	22.00	0.00
0	2011	1	0	1	57	20.00	0.00
0	2011	1	0	1	58	16.00	0.00
0	2011	1	0	1	59	10.00	0.00
0	2011	1	0	1	60	9.00	0.00
0	2011	1	0	1	61	8.00	0.00
0	2011	1	0	1	62	19.00	0.00
0	2011	1	0	1	63	10.00	0.00
0	2011	1	0	1	64	6.00	0.00
0	2011	1	0	1	65	6.00	0.00
0	2011	1	0	1	66	6.00	0.00
0	2011	1	0	1	67	15.00	0.00
0	2011	1	0	1	68	11.00	0.00
0	2011	1	0	1	69	16.00	0.00
0	2011	1	0	1	70	3.00	0.00
0	2011	1	0	1	71	9.00	0.00
0	2011	1	0	1	72	14.00	0.00
0	2011	1	0	1	73	9.00	0.00
0	2011	1	0	1	74	6.00	0.00
0	2011	1	0	1	75	6.00	0.00
0	2011	1	0	1	76	5.00	0.00
0	2011	1	0	1	77	6.00	0.00
0	2011	1	0	1	78	4.00	0.00
0	2011	1	0	1	79	2.00	0.00
0	2011	1	0	1	80	5.00	0.00
0	2011	1	0	1	81	6.00	0.00
0	2011	1	0	1	82	7.00	0.00
0	2011	1	0	1	83	3.00	0.00
0	2011	1	0	1	84	6.00	0.00
0	2011	1	0	1	85	3.00	0.00
0	2011	1	0	1	86	3.00	0.00
0	2011	1	0	1	87	0.00	0.00
0	2011	1	0	1	88	2.00	0.00
0	2011	1	0	1	89	2.00	0.00
0	2011	1	0	1	90	0.00	0.00
0	2011	1	0	1	91	0.00	0.00
0	2011	1	0	1	92	1.00	0.00
0	2011	1	0	1	93	0.00	0.00
0	2011	1	0	1	94	0.00	0.00
0	2011	1	0	1	95	0.00	0.00
0	2011	1	0	1	96	0.00	0.00
0	2011	1	0	1	97	0.00	0.00
0	2011	1	0	1	98	1.00	0.00
0	2011	1	0	1	99	0.00	0.00
0	2011	1	0	1	100	1.00	0.00
0	2011	1	0	1	101	0.00	0.00
0	2011	1	0	1	102	0.00	0.00
0	2011	1	0	1	103	0.00	0.00
0	2011	1	0	1	104	0.00	0.00
0	2011	1	0	1	105	0.00	0.00
0	2011	1	0	1	106	0.00	0.00
0	2011	1	0	1	107	0.00	0.00
0	2011	1	0	1	108	0.00	0.00
0	2011	1	0	1	109	0.00	0.00
0	2011	1	0	1	110	0.00	0.00
0	2011	1	0	1	111	0.00	0.00
0	2011	1	0	1	112	0.00	0.00
0	2011	1	0	1	113	0.00	0.00
0	2011	1	0	1	114	0.00	0.00
0	2011	1	0	1	115	0.00	0.00
0	2011	1	0	1	116	0.00	0.00
0	2011	1	0	1	117	0.00	0.00
0	2011	1	0	1	118	0.00	0.00
0	2011	1	0	1	119	0.00	0.00
0	2011	1	0	1	120	0.00	0.00
0	2011	1	1	0	0	32.00	0.00
0	2011	1	1	0	1	75.00	0.00
0	2011	1	1	0	2	100.00	0.00
0	2011	1	1	0	3	156.00	1.00
0	2011	1	1	0	4	193.00	3.00
0	2011	1	1	0	5	265.00	4.00
0	2011	1	1	0	6	287.00	2.00
0	2011	1	1	0	7	283.00	4.00
0	2011	1	1	0	8	322.00	8.00
0	2011	1	1	0	9	321.00	4.00
0	2011	1	1	0	10	416.00	44.00
0	2011	1	1	0	11	435.00	112.00
0	2011	1	1	0	12	438.00	212.00
0	2011	1	1	0	13	481.00	229.00
0	2011	1	1	0	14	464.00	270.00
0	2011	1	1	0	15	513.00	322.00
0	2011	1	1	0	16	517.00	502.00
0	2011	1	1	0	17	574.00	689.00
0	2011	1	1	0	18	582.00	769.00
0	2011	1	1	0	19	693.00	780.00
0	2011	1	1	0	20	815.00	847.00
0	2011	1	1	0	21	1214.00	843.00
0	2011	1	1	0	22	1712.00	831.00
0	2011	1	1	0	23	2100.00	850.00
0	2011	1	1	0	24	2292.00	874.00
0	2011	1	1	0	25	2487.00	791.00
0	2011	1	1	0	26	2757.00	613.00
0	2011	1	1	0	27	2941.00	388.00
0	2011	1	1	0	28	3096.00	356.00
0	2011	1	1	0	29	3420.00	303.00
0	2011	1	1	0	30	3378.00	290.00
0	2011	1	1	0	31	3462.00	214.00
0	2011	1	1	0	32	3244.00	103.00
0	2011	1	1	0	33	3334.00	100.00
0	2011	1	1	0	34	3522.00	86.00
0	2011	1	1	0	35	3193.00	68.00
0	2011	1	1	0	36	3338.00	53.00
0	2011	1	1	0	37	3215.00	45.00
0	2011	1	1	0	38	2578.00	43.00
0	2011	1	1	0	39	2556.00	27.00
0	2011	1	1	0	40	2263.00	22.00
0	2011	1	1	0	41	2011.00	19.00
0	2011	1	1	0	42	1842.00	16.00
0	2011	1	1	0	43	1730.00	13.00
0	2011	1	1	0	44	1543.00	16.00
0	2011	1	1	0	45	1405.00	20.00
0	2011	1	1	0	46	1259.00	8.00
0	2011	1	1	0	47	1283.00	9.00
0	2011	1	1	0	48	1182.00	4.00
0	2011	1	1	0	49	1039.00	2.00
0	2011	1	1	0	50	918.00	2.00
0	2011	1	1	0	51	926.00	2.00
0	2011	1	1	0	52	904.00	2.00
0	2011	1	1	0	53	999.00	0.00
0	2011	1	1	0	54	1158.00	0.00
0	2011	1	1	0	55	951.00	0.00
0	2011	1	1	0	56	1098.00	0.00
0	2011	1	1	0	57	1036.00	0.00
0	2011	1	1	0	58	1230.00	0.00
0	2011	1	1	0	59	1106.00	0.00
0	2011	1	1	0	60	1039.00	0.00
0	2011	1	1	0	61	884.00	0.00
0	2011	1	1	0	62	695.00	0.00
0	2011	1	1	0	63	649.00	0.00
0	2011	1	1	0	64	574.00	0.00
0	2011	1	1	0	65	522.00	0.00
0	2011	1	1	0	66	481.00	0.00
0	2011	1	1	0	67	524.00	0.00
0	2011	1	1	0	68	546.00	0.00
0	2011	1	1	0	69	521.00	0.00
0	2011	1	1	0	70	642.00	0.00
0	2011	1	1	0	71	626.00	0.00
0	2011	1	1	0	72	535.00	0.00
0	2011	1	1	0	73	436.00	0.00
0	2011	1	1	0	74	411.00	0.00
0	2011	1	1	0	75	409.00	0.00
0	2011	1	1	0	76	344.00	0.00
0	2011	1	1	0	77	293.00	0.00
0	2011	1	1	0	78	238.00	0.00
0	2011	1	1	0	79	162.00	0.00
0	2011	1	1	0	80	195.00	0.00
0	2011	1	1	0	81	144.00	0.00
0	2011	1	1	0	82	100.00	0.00
0	2011	1	1	0	83	70.00	0.00
0	2011	1	1	0	84	41.00	0.00
0	2011	1	1	0	85	52.00	0.00
0	2011	1	1	0	86	46.00	0.00
0	2011	1	1	0	87	37.00	0.00
0	2011	1	1	0	88	20.00	0.00
0	2011	1	1	0	89	17.00	0.00
0	2011	1	1	0	90	24.00	0.00
0	2011	1	1	0	91	7.00	0.00
0	2011	1	1	0	92	4.00	0.00
0	2011	1	1	0	93	6.00	0.00
0	2011	1	1	0	94	7.00	0.00
0	2011	1	1	0	95	2.00	0.00
0	2011	1	1	0	96	4.00	0.00
0	2011	1	1	0	97	3.00	0.00
0	2011	1	1	0	98	0.00	0.00
0	2011	1	1	0	99	0.00	0.00
0	2011	1	1	0	100	3.00	0.00
0	2011	1	1	0	101	0.00	0.00
0	2011	1	1	0	102	0.00	0.00
0	2011	1	1	0	103	0.00	0.00
0	2011	1	1	0	104	0.00	0.00
0	2011	1	1	0	105	0.00	0.00
0	2011	1	1	0	106	0.00	0.00
0	2011	1	1	0	107	0.00	0.00
0	2011	1	1	0	108	0.00	0.00
0	2011	1	1	0	109	0.00	0.00
0	2011	1	1	0	110	0.00	0.00
0	2011	1	1	0	111	0.00	0.00
0	2011	1	1	0	112	0.00	0.00
0	2011	1	1	0	113	0.00	0.00
0	2011	1	1	0	114	0.00	0.00
0	2011	1	1	0	115	0.00	0.00
0	2011	1	1	0	116	0.00	0.00
0	2011	1	1	0	117	0.00	0.00
0	2011	1	1	0	118	0.00	0.00
0	2011	1	1	0	119	0.00	0.00
0	2011	1	1	0	120	0.00	0.00
0	2011	1	1	1	0	4752.00	0.00
0	2011	1	1	1	1	4697.00	0.00
0	2011	1	1	1	2	4866.00	0.00
0	2011	1	1	1	3	4931.00	0.00
0	2011	1	1	1	4	4890.00	0.00
0	2011	1	1	1	5	4712.00	0.00
0	2011	1	1	1	6	4635.00	0.00
0	2011	1	1	1	7	4722.00	0.00
0	2011	1	1	1	8	4451.00	0.00
0	2011	1	1	1	9	4475.00	0.00
0	2011	1	1	1	10	4057.00	0.00
0	2011	1	1	1	11	3775.00	0.00
0	2011	1	1	1	12	3823.00	0.00
0	2011	1	1	1	13	3845.00	0.00
0	2011	1	1	1	14	3715.00	0.00
0	2011	1	1	1	15	3613.00	0.00
0	2011	1	1	1	16	3354.00	0.00
0	2011	1	1	1	17	3026.00	0.00
0	2011	1	1	1	18	2878.00	0.00
0	2011	1	1	1	19	2834.00	0.00
0	2011	1	1	1	20	2837.00	0.00
0	2011	1	1	1	21	2553.00	0.00
0	2011	1	1	1	22	2404.00	0.00
0	2011	1	1	1	23	2388.00	0.00
0	2011	1	1	1	24	2160.00	0.00
0	2011	1	1	1	25	1926.00	0.00
0	2011	1	1	1	26	1803.00	0.00
0	2011	1	1	1	27	1827.00	0.00
0	2011	1	1	1	28	1635.00	0.00
0	2011	1	1	1	29	1508.00	0.00
0	2011	1	1	1	30	1354.00	0.00
0	2011	1	1	1	31	1149.00	0.00
0	2011	1	1	1	32	928.00	0.00
0	2011	1	1	1	33	780.00	0.00
0	2011	1	1	1	34	783.00	0.00
0	2011	1	1	1	35	542.00	0.00
0	2011	1	1	1	36	517.00	0.00
0	2011	1	1	1	37	541.00	0.00
0	2011	1	1	1	38	404.00	0.00
0	2011	1	1	1	39	390.00	0.00
0	2011	1	1	1	40	325.00	0.00
0	2011	1	1	1	41	272.00	0.00
0	2011	1	1	1	42	172.00	0.00
0	2011	1	1	1	43	135.00	0.00
0	2011	1	1	1	44	121.00	0.00
0	2011	1	1	1	45	83.00	0.00
0	2011	1	1	1	46	73.00	0.00
0	2011	1	1	1	47	54.00	0.00
0	2011	1	1	1	48	45.00	0.00
0	2011	1	1	1	49	34.00	0.00
0	2011	1	1	1	50	25.00	0.00
0	2011	1	1	1	51	37.00	0.00
0	2011	1	1	1	52	34.00	0.00
0	2011	1	1	1	53	36.00	0.00
0	2011	1	1	1	54	19.00	0.00
0	2011	1	1	1	55	23.00	0.00
0	2011	1	1	1	56	19.00	0.00
0	2011	1	1	1	57	22.00	0.00
0	2011	1	1	1	58	25.00	0.00
0	2011	1	1	1	59	23.00	0.00
0	2011	1	1	1	60	18.00	0.00
0	2011	1	1	1	61	14.00	0.00
0	2011	1	1	1	62	15.00	0.00
0	2011	1	1	1	63	11.00	0.00
0	2011	1	1	1	64	6.00	0.00
0	2011	1	1	1	65	6.00	0.00
0	2011	1	1	1	66	7.00	0.00
0	2011	1	1	1	67	8.00	0.00
0	2011	1	1	1	68	9.00	0.00
0	2011	1	1	1	69	11.00	0.00
0	2011	1	1	1	70	7.00	0.00
0	2011	1	1	1	71	11.00	0.00
0	2011	1	1	1	72	14.00	0.00
0	2011	1	1	1	73	7.00	0.00
0	2011	1	1	1	74	4.00	0.00
0	2011	1	1	1	75	8.00	0.00
0	2011	1	1	1	76	6.00	0.00
0	2011	1	1	1	77	7.00	0.00
0	2011	1	1	1	78	5.00	0.00
0	2011	1	1	1	79	5.00	0.00
0	2011	1	1	1	80	1.00	0.00
0	2011	1	1	1	81	2.00	0.00
0	2011	1	1	1	82	0.00	0.00
0	2011	1	1	1	83	1.00	0.00
0	2011	1	1	1	84	1.00	0.00
0	2011	1	1	1	85	1.00	0.00
0	2011	1	1	1	86	0.00	0.00
0	2011	1	1	1	87	2.00	0.00
0	2011	1	1	1	88	0.00	0.00
0	2011	1	1	1	89	5.00	0.00
0	2011	1	1	1	90	0.00	0.00
0	2011	1	1	1	91	0.00	0.00
0	2011	1	1	1	92	0.00	0.00
0	2011	1	1	1	93	0.00	0.00
0	2011	1	1	1	94	0.00	0.00
0	2011	1	1	1	95	0.00	0.00
0	2011	1	1	1	96	0.00	0.00
0	2011	1	1	1	97	0.00	0.00
0	2011	1	1	1	98	0.00	0.00
0	2011	1	1	1	99	0.00	0.00
0	2011	1	1	1	100	2.00	0.00
0	2011	1	1	1	101	0.00	0.00
0	2011	1	1	1	102	0.00	0.00
0	2011	1	1	1	103	0.00	0.00
0	2011	1	1	1	104	0.00	0.00
0	2011	1	1	1	105	0.00	0.00
0	2011	1	1	1	106	0.00	0.00
0	2011	1	1	1	107	0.00	0.00
0	2011	1	1	1	108	0.00	0.00
0	2011	1	1	1	109	0.00	0.00
0	2011	1	1	1	110	0.00	0.00
0	2011	1	1	1	111	0.00	0.00
0	2011	1	1	1	112	0.00	0.00
0	2011	1	1	1	113	0.00	0.00
0	2011	1	1	1	114	0.00	0.00
0	2011	1	1	1	115	0.00	0.00
0	2011	1	1	1	116	0.00	0.00
0	2011	1	1	1	117	0.00	0.00
0	2011	1	1	1	118	0.00	0.00
0	2011	1	1	1	119	0.00	0.00
0	2011	1	1	1	120	0.00	0.00
0	2011	2	0	0	0	285.00	15.00
0	2011	2	0	0	1	483.00	39.00
0	2011	2	0	0	2	738.00	52.00
0	2011	2	0	0	3	999.00	64.00
0	2011	2	0	0	4	1197.00	70.00
0	2011	2	0	0	5	1552.00	76.00
0	2011	2	0	0	6	1747.00	73.00
0	2011	2	0	0	7	2080.00	84.00
0	2011	2	0	0	8	2413.00	112.00
0	2011	2	0	0	9	2988.00	99.00
0	2011	2	0	0	10	3464.00	114.00
0	2011	2	0	0	11	3921.00	127.00
0	2011	2	0	0	12	3822.00	122.00
0	2011	2	0	0	13	4287.00	165.00
0	2011	2	0	0	14	4243.00	150.00
0	2011	2	0	0	15	4603.00	412.00
0	2011	2	0	0	16	4507.00	683.00
0	2011	2	0	0	17	4727.00	853.00
0	2011	2	0	0	18	4979.00	963.00
0	2011	2	0	0	19	5030.00	1092.00
0	2011	2	0	0	20	5556.00	1183.00
0	2011	2	0	0	21	5751.00	1283.00
0	2011	2	0	0	22	5645.00	1467.00
0	2011	2	0	0	23	5384.00	1409.00
0	2011	2	0	0	24	5713.00	1495.00
0	2011	2	0	0	25	6406.00	1601.00
0	2011	2	0	0	26	6339.00	1621.00
0	2011	2	0	0	27	6814.00	1714.00
0	2011	2	0	0	28	7133.00	1825.00
0	2011	2	0	0	29	6845.00	1917.00
0	2011	2	0	0	30	7941.00	1843.00
0	2011	2	0	0	31	8125.00	1649.00
0	2011	2	0	0	32	8581.00	1701.00
0	2011	2	0	0	33	8232.00	1576.00
0	2011	2	0	0	34	8532.00	1460.00
0	2011	2	0	0	35	8554.00	1395.00
0	2011	2	0	0	36	8590.00	1203.00
0	2011	2	0	0	37	7861.00	1039.00
0	2011	2	0	0	38	8240.00	969.00
0	2011	2	0	0	39	6957.00	888.00
0	2011	2	0	0	40	8035.00	732.00
0	2011	2	0	0	41	7539.00	640.00
0	2011	2	0	0	42	7442.00	545.00
0	2011	2	0	0	43	6718.00	511.00
0	2011	2	0	0	44	6526.00	476.00
0	2011	2	0	0	45	6465.00	404.00
0	2011	2	0	0	46	6037.00	329.00
0	2011	2	0	0	47	5406.00	314.00
0	2011	2	0	0	48	5323.00	245.00
0	2011	2	0	0	49	4235.00	241.00
0	2011	2	0	0	50	5058.00	212.00
0	2011	2	0	0	51	4463.00	160.00
0	2011	2	0	0	52	3931.00	154.00
0	2011	2	0	0	53	3489.00	138.00
0	2011	2	0	0	54	3151.00	130.00
0	2011	2	0	0	55	2836.00	129.00
0	2011	2	0	0	56	2652.00	113.00
0	2011	2	0	0	57	2081.00	81.00
0	2011	2	0	0	58	1972.00	73.00
0	2011	2	0	0	59	1499.00	75.00
0	2011	2	0	0	60	1601.00	57.00
0	2011	2	0	0	61	1433.00	40.00
0	2011	2	0	0	62	1284.00	39.00
0	2011	2	0	0	63	1055.00	28.00
0	2011	2	0	0	64	897.00	24.00
0	2011	2	0	0	65	837.00	26.00
0	2011	2	0	0	66	806.00	21.00
0	2011	2	0	0	67	666.00	16.00
0	2011	2	0	0	68	771.00	17.00
0	2011	2	0	0	69	571.00	16.00
0	2011	2	0	0	70	737.00	12.00
0	2011	2	0	0	71	791.00	8.00
0	2011	2	0	0	72	733.00	5.00
0	2011	2	0	0	73	616.00	9.00
0	2011	2	0	0	74	607.00	2.00
0	2011	2	0	0	75	561.00	6.00
0	2011	2	0	0	76	486.00	3.00
0	2011	2	0	0	77	335.00	5.00
0	2011	2	0	0	78	324.00	1.00
0	2011	2	0	0	79	239.00	2.00
0	2011	2	0	0	80	208.00	1.00
0	2011	2	0	0	81	171.00	1.00
0	2011	2	0	0	82	157.00	1.00
0	2011	2	0	0	83	98.00	0.00
0	2011	2	0	0	84	101.00	1.00
0	2011	2	0	0	85	72.00	1.00
0	2011	2	0	0	86	67.00	2.00
0	2011	2	0	0	87	52.00	0.00
0	2011	2	0	0	88	59.00	0.00
0	2011	2	0	0	89	20.00	0.00
0	2011	2	0	0	90	23.00	0.00
0	2011	2	0	0	91	17.00	0.00
0	2011	2	0	0	92	12.00	0.00
0	2011	2	0	0	93	11.00	0.00
0	2011	2	0	0	94	12.00	0.00
0	2011	2	0	0	95	5.00	0.00
0	2011	2	0	0	96	4.00	0.00
0	2011	2	0	0	97	4.00	0.00
0	2011	2	0	0	98	3.00	0.00
0	2011	2	0	0	99	3.00	0.00
0	2011	2	0	0	100	9.00	25.00
0	2011	2	0	0	101	0.00	36.00
0	2011	2	0	0	102	0.00	44.00
0	2011	2	0	0	103	0.00	56.00
0	2011	2	0	0	104	0.00	67.00
0	2011	2	0	0	105	0.00	44.00
0	2011	2	0	0	106	0.00	45.00
0	2011	2	0	0	107	0.00	31.00
0	2011	2	0	0	108	0.00	15.00
0	2011	2	0	0	109	0.00	12.00
0	2011	2	0	0	110	0.00	4.00
0	2011	2	0	0	111	0.00	1.00
0	2011	2	0	0	112	0.00	0.00
0	2011	2	0	0	113	0.00	0.00
0	2011	2	0	0	114	0.00	0.00
0	2011	2	0	0	115	0.00	0.00
0	2011	2	0	0	116	0.00	0.00
0	2011	2	0	0	117	0.00	0.00
0	2011	2	0	0	118	0.00	0.00
0	2011	2	0	0	119	0.00	0.00
0	2011	2	0	0	120	0.00	0.00
0	2011	2	0	1	0	10414.00	0.00
0	2011	2	0	1	1	10205.00	0.00
0	2011	2	0	1	2	10245.00	0.00
0	2011	2	0	1	3	10350.00	0.00
0	2011	2	0	1	4	9534.00	0.00
0	2011	2	0	1	5	9033.00	0.00
0	2011	2	0	1	6	7821.00	0.00
0	2011	2	0	1	7	6707.00	0.00
0	2011	2	0	1	8	5808.00	0.00
0	2011	2	0	1	9	5125.00	0.00
0	2011	2	0	1	10	4676.00	0.00
0	2011	2	0	1	11	4236.00	0.00
0	2011	2	0	1	12	4097.00	0.00
0	2011	2	0	1	13	3919.00	0.00
0	2011	2	0	1	14	3938.00	0.00
0	2011	2	0	1	15	3732.00	0.00
0	2011	2	0	1	16	3275.00	0.00
0	2011	2	0	1	17	3285.00	0.00
0	2011	2	0	1	18	2989.00	0.00
0	2011	2	0	1	19	2649.00	0.00
0	2011	2	0	1	20	2613.00	0.00
0	2011	2	0	1	21	2252.00	0.00
0	2011	2	0	1	22	1807.00	0.00
0	2011	2	0	1	23	1547.00	0.00
0	2011	2	0	1	24	1369.00	0.00
0	2011	2	0	1	25	1263.00	0.00
0	2011	2	0	1	26	1167.00	0.00
0	2011	2	0	1	27	1015.00	0.00
0	2011	2	0	1	28	1182.00	0.00
0	2011	2	0	1	29	1322.00	0.00
0	2011	2	0	1	30	1227.00	0.00
0	2011	2	0	1	31	1195.00	0.00
0	2011	2	0	1	32	1136.00	0.00
0	2011	2	0	1	33	951.00	0.00
0	2011	2	0	1	34	1013.00	0.00
0	2011	2	0	1	35	966.00	0.00
0	2011	2	0	1	36	1019.00	0.00
0	2011	2	0	1	37	893.00	0.00
0	2011	2	0	1	38	991.00	0.00
0	2011	2	0	1	39	997.00	0.00
0	2011	2	0	1	40	1156.00	0.00
0	2011	2	0	1	41	1150.00	0.00
0	2011	2	0	1	42	1328.00	0.00
0	2011	2	0	1	43	1377.00	0.00
0	2011	2	0	1	44	1382.00	0.00
0	2011	2	0	1	45	1261.00	0.00
0	2011	2	0	1	46	1129.00	0.00
0	2011	2	0	1	47	838.00	0.00
0	2011	2	0	1	48	639.00	0.00
0	2011	2	0	1	49	461.00	0.00
0	2011	2	0	1	50	382.00	0.00
0	2011	2	0	1	51	320.00	0.00
0	2011	2	0	1	52	232.00	0.00
0	2011	2	0	1	53	163.00	0.00
0	2011	2	0	1	54	124.00	0.00
0	2011	2	0	1	55	119.00	0.00
0	2011	2	0	1	56	95.00	0.00
0	2011	2	0	1	57	63.00	0.00
0	2011	2	0	1	58	64.00	0.00
0	2011	2	0	1	59	43.00	0.00
0	2011	2	0	1	60	39.00	0.00
0	2011	2	0	1	61	38.00	0.00
0	2011	2	0	1	62	34.00	0.00
0	2011	2	0	1	63	28.00	0.00
0	2011	2	0	1	64	36.00	0.00
0	2011	2	0	1	65	21.00	0.00
0	2011	2	0	1	66	16.00	0.00
0	2011	2	0	1	67	19.00	0.00
0	2011	2	0	1	68	23.00	0.00
0	2011	2	0	1	69	16.00	0.00
0	2011	2	0	1	70	17.00	0.00
0	2011	2	0	1	71	28.00	0.00
0	2011	2	0	1	72	13.00	0.00
0	2011	2	0	1	73	18.00	0.00
0	2011	2	0	1	74	11.00	0.00
0	2011	2	0	1	75	15.00	0.00
0	2011	2	0	1	76	18.00	0.00
0	2011	2	0	1	77	12.00	0.00
0	2011	2	0	1	78	7.00	0.00
0	2011	2	0	1	79	4.00	0.00
0	2011	2	0	1	80	8.00	0.00
0	2011	2	0	1	81	3.00	0.00
0	2011	2	0	1	82	7.00	0.00
0	2011	2	0	1	83	4.00	0.00
0	2011	2	0	1	84	10.00	0.00
0	2011	2	0	1	85	4.00	0.00
0	2011	2	0	1	86	2.00	0.00
0	2011	2	0	1	87	3.00	0.00
0	2011	2	0	1	88	2.00	0.00
0	2011	2	0	1	89	2.00	0.00
0	2011	2	0	1	90	5.00	0.00
0	2011	2	0	1	91	2.00	0.00
0	2011	2	0	1	92	2.00	0.00
0	2011	2	0	1	93	1.00	0.00
0	2011	2	0	1	94	0.00	0.00
0	2011	2	0	1	95	1.00	0.00
0	2011	2	0	1	96	0.00	0.00
0	2011	2	0	1	97	3.00	0.00
0	2011	2	0	1	98	0.00	0.00
0	2011	2	0	1	99	3.00	0.00
0	2011	2	0	1	100	4.00	0.00
0	2011	2	0	1	101	0.00	0.00
0	2011	2	0	1	102	0.00	0.00
0	2011	2	0	1	103	0.00	0.00
0	2011	2	0	1	104	0.00	0.00
0	2011	2	0	1	105	0.00	0.00
0	2011	2	0	1	106	0.00	0.00
0	2011	2	0	1	107	0.00	0.00
0	2011	2	0	1	108	0.00	0.00
0	2011	2	0	1	109	0.00	0.00
0	2011	2	0	1	110	0.00	0.00
0	2011	2	0	1	111	0.00	0.00
0	2011	2	0	1	112	0.00	0.00
0	2011	2	0	1	113	0.00	0.00
0	2011	2	0	1	114	0.00	0.00
0	2011	2	0	1	115	0.00	0.00
0	2011	2	0	1	116	0.00	0.00
0	2011	2	0	1	117	0.00	0.00
0	2011	2	0	1	118	0.00	0.00
0	2011	2	0	1	119	0.00	0.00
0	2011	2	0	1	120	0.00	0.00
0	2011	2	1	0	0	294.00	16.00
0	2011	2	1	0	1	533.00	34.00
0	2011	2	1	0	2	736.00	63.00
0	2011	2	1	0	3	989.00	72.00
0	2011	2	1	0	4	1205.00	70.00
0	2011	2	1	0	5	1612.00	100.00
0	2011	2	1	0	6	1652.00	120.00
0	2011	2	1	0	7	2178.00	122.00
0	2011	2	1	0	8	2460.00	138.00
0	2011	2	1	0	9	2784.00	129.00
0	2011	2	1	0	10	3387.00	385.00
0	2011	2	1	0	11	3754.00	593.00
0	2011	2	1	0	12	3972.00	788.00
0	2011	2	1	0	13	4277.00	950.00
0	2011	2	1	0	14	4282.00	1012.00
0	2011	2	1	0	15	4545.00	1170.00
0	2011	2	1	0	16	4621.00	1329.00
0	2011	2	1	0	17	4869.00	1377.00
0	2011	2	1	0	18	5298.00	1481.00
0	2011	2	1	0	19	5350.00	1436.00
0	2011	2	1	0	20	5720.00	1557.00
0	2011	2	1	0	21	6090.00	1611.00
0	2011	2	1	0	22	6308.00	1663.00
0	2011	2	1	0	23	6747.00	1746.00
0	2011	2	1	0	24	7139.00	1799.00
0	2011	2	1	0	25	7422.00	1596.00
0	2011	2	1	0	26	7628.00	1485.00
0	2011	2	1	0	27	8005.00	1289.00
0	2011	2	1	0	28	8771.00	1260.00
0	2011	2	1	0	29	8474.00	1147.00
0	2011	2	1	0	30	9278.00	983.00
0	2011	2	1	0	31	9770.00	876.00
0	2011	2	1	0	32	9739.00	739.00
0	2011	2	1	0	33	9559.00	636.00
0	2011	2	1	0	34	9961.00	579.00
0	2011	2	1	0	35	9817.00	489.00
0	2011	2	1	0	36	9678.00	420.00
0	2011	2	1	0	37	8931.00	382.00
0	2011	2	1	0	38	9103.00	312.00
0	2011	2	1	0	39	7470.00	274.00
0	2011	2	1	0	40	8586.00	235.00
0	2011	2	1	0	41	8288.00	212.00
0	2011	2	1	0	42	8166.00	210.00
0	2011	2	1	0	43	7344.00	164.00
0	2011	2	1	0	44	6962.00	159.00
0	2011	2	1	0	45	6773.00	162.00
0	2011	2	1	0	46	6597.00	122.00
0	2011	2	1	0	47	5776.00	104.00
0	2011	2	1	0	48	5635.00	96.00
0	2011	2	1	0	49	4381.00	83.00
0	2011	2	1	0	50	5232.00	71.00
0	2011	2	1	0	51	4493.00	62.00
0	2011	2	1	0	52	3926.00	53.00
0	2011	2	1	0	53	3321.00	49.00
0	2011	2	1	0	54	3070.00	39.00
0	2011	2	1	0	55	2702.00	37.00
0	2011	2	1	0	56	2671.00	37.00
0	2011	2	1	0	57	2181.00	29.00
0	2011	2	1	0	58	2095.00	34.00
0	2011	2	1	0	59	1527.00	37.00
0	2011	2	1	0	60	1692.00	25.00
0	2011	2	1	0	61	1588.00	16.00
0	2011	2	1	0	62	1530.00	21.00
0	2011	2	1	0	63	1260.00	21.00
0	2011	2	1	0	64	1209.00	15.00
0	2011	2	1	0	65	1263.00	11.00
0	2011	2	1	0	66	1164.00	12.00
0	2011	2	1	0	67	1021.00	10.00
0	2011	2	1	0	68	1116.00	9.00
0	2011	2	1	0	69	822.00	9.00
0	2011	2	1	0	70	976.00	5.00
0	2011	2	1	0	71	1034.00	4.00
0	2011	2	1	0	72	845.00	3.00
0	2011	2	1	0	73	644.00	1.00
0	2011	2	1	0	74	617.00	3.00
0	2011	2	1	0	75	530.00	3.00
0	2011	2	1	0	76	450.00	1.00
0	2011	2	1	0	77	394.00	3.00
0	2011	2	1	0	78	333.00	0.00
0	2011	2	1	0	79	287.00	0.00
0	2011	2	1	0	80	257.00	1.00
0	2011	2	1	0	81	252.00	1.00
0	2011	2	1	0	82	168.00	0.00
0	2011	2	1	0	83	128.00	0.00
0	2011	2	1	0	84	109.00	0.00
0	2011	2	1	0	85	97.00	0.00
0	2011	2	1	0	86	72.00	0.00
0	2011	2	1	0	87	39.00	0.00
0	2011	2	1	0	88	55.00	0.00
0	2011	2	1	0	89	34.00	0.00
0	2011	2	1	0	90	26.00	0.00
0	2011	2	1	0	91	34.00	0.00
0	2011	2	1	0	92	13.00	0.00
0	2011	2	1	0	93	13.00	0.00
0	2011	2	1	0	94	7.00	0.00
0	2011	2	1	0	95	10.00	0.00
0	2011	2	1	0	96	11.00	0.00
0	2011	2	1	0	97	0.00	0.00
0	2011	2	1	0	98	8.00	0.00
0	2011	2	1	0	99	3.00	0.00
0	2011	2	1	0	100	9.00	0.00
0	2011	2	1	0	101	0.00	0.00
0	2011	2	1	0	102	0.00	0.00
0	2011	2	1	0	103	0.00	0.00
0	2011	2	1	0	104	0.00	0.00
0	2011	2	1	0	105	0.00	0.00
0	2011	2	1	0	106	0.00	0.00
0	2011	2	1	0	107	0.00	0.00
0	2011	2	1	0	108	0.00	0.00
0	2011	2	1	0	109	0.00	0.00
0	2011	2	1	0	110	0.00	0.00
0	2011	2	1	0	111	0.00	0.00
0	2011	2	1	0	112	0.00	0.00
0	2011	2	1	0	113	0.00	0.00
0	2011	2	1	0	114	0.00	0.00
0	2011	2	1	0	115	0.00	0.00
0	2011	2	1	0	116	0.00	0.00
0	2011	2	1	0	117	0.00	0.00
0	2011	2	1	0	118	0.00	0.00
0	2011	2	1	0	119	0.00	0.00
0	2011	2	1	0	120	0.00	0.00
0	2011	2	1	1	0	10148.00	0.00
0	2011	2	1	1	1	9902.00	0.00
0	2011	2	1	1	2	10135.00	0.00
0	2011	2	1	1	3	9790.00	0.00
0	2011	2	1	1	4	9481.00	0.00
0	2011	2	1	1	5	9119.00	0.00
0	2011	2	1	1	6	7677.00	0.00
0	2011	2	1	1	7	6807.00	0.00
0	2011	2	1	1	8	5716.00	0.00
0	2011	2	1	1	9	4982.00	0.00
0	2011	2	1	1	10	4691.00	0.00
0	2011	2	1	1	11	4146.00	0.00
0	2011	2	1	1	12	3982.00	0.00
0	2011	2	1	1	13	3822.00	0.00
0	2011	2	1	1	14	3868.00	0.00
0	2011	2	1	1	15	3687.00	0.00
0	2011	2	1	1	16	3435.00	0.00
0	2011	2	1	1	17	3174.00	0.00
0	2011	2	1	1	18	3114.00	0.00
0	2011	2	1	1	19	2927.00	0.00
0	2011	2	1	1	20	2440.00	0.00
0	2011	2	1	1	21	2064.00	0.00
0	2011	2	1	1	22	1713.00	0.00
0	2011	2	1	1	23	1515.00	0.00
0	2011	2	1	1	24	1404.00	0.00
0	2011	2	1	1	25	1210.00	0.00
0	2011	2	1	1	26	1134.00	0.00
0	2011	2	1	1	27	1040.00	0.00
0	2011	2	1	1	28	1189.00	0.00
0	2011	2	1	1	29	1157.00	0.00
0	2011	2	1	1	30	1173.00	0.00
0	2011	2	1	1	31	1226.00	0.00
0	2011	2	1	1	32	1226.00	0.00
0	2011	2	1	1	33	1043.00	0.00
0	2011	2	1	1	34	995.00	0.00
0	2011	2	1	1	35	990.00	0.00
0	2011	2	1	1	36	914.00	0.00
0	2011	2	1	1	37	1038.00	0.00
0	2011	2	1	1	38	1015.00	0.00
0	2011	2	1	1	39	1102.00	0.00
0	2011	2	1	1	40	1273.00	0.00
0	2011	2	1	1	41	1276.00	0.00
0	2011	2	1	1	42	1423.00	0.00
0	2011	2	1	1	43	1460.00	0.00
0	2011	2	1	1	44	1511.00	0.00
0	2011	2	1	1	45	1435.00	0.00
0	2011	2	1	1	46	1185.00	0.00
0	2011	2	1	1	47	917.00	0.00
0	2011	2	1	1	48	709.00	0.00
0	2011	2	1	1	49	526.00	0.00
0	2011	2	1	1	50	413.00	0.00
0	2011	2	1	1	51	304.00	0.00
0	2011	2	1	1	52	216.00	0.00
0	2011	2	1	1	53	178.00	0.00
0	2011	2	1	1	54	137.00	0.00
0	2011	2	1	1	55	118.00	0.00
0	2011	2	1	1	56	81.00	0.00
0	2011	2	1	1	57	79.00	0.00
0	2011	2	1	1	58	68.00	0.00
0	2011	2	1	1	59	55.00	0.00
0	2011	2	1	1	60	54.00	0.00
0	2011	2	1	1	61	40.00	0.00
0	2011	2	1	1	62	33.00	0.00
0	2011	2	1	1	63	19.00	0.00
0	2011	2	1	1	64	30.00	0.00
0	2011	2	1	1	65	24.00	0.00
0	2011	2	1	1	66	32.00	0.00
0	2011	2	1	1	67	25.00	0.00
0	2011	2	1	1	68	44.00	0.00
0	2011	2	1	1	69	26.00	0.00
0	2011	2	1	1	70	23.00	0.00
0	2011	2	1	1	71	19.00	0.00
0	2011	2	1	1	72	29.00	0.00
0	2011	2	1	1	73	18.00	0.00
0	2011	2	1	1	74	24.00	0.00
0	2011	2	1	1	75	15.00	0.00
0	2011	2	1	1	76	16.00	0.00
0	2011	2	1	1	77	10.00	0.00
0	2011	2	1	1	78	7.00	0.00
0	2011	2	1	1	79	9.00	0.00
0	2011	2	1	1	80	8.00	0.00
0	2011	2	1	1	81	6.00	0.00
0	2011	2	1	1	82	9.00	0.00
0	2011	2	1	1	83	5.00	0.00
0	2011	2	1	1	84	5.00	0.00
0	2011	2	1	1	85	3.00	0.00
0	2011	2	1	1	86	6.00	0.00
0	2011	2	1	1	87	1.00	0.00
0	2011	2	1	1	88	3.00	0.00
0	2011	2	1	1	89	4.00	0.00
0	2011	2	1	1	90	4.00	0.00
0	2011	2	1	1	91	2.00	0.00
0	2011	2	1	1	92	3.00	0.00
0	2011	2	1	1	93	2.00	0.00
0	2011	2	1	1	94	0.00	0.00
0	2011	2	1	1	95	1.00	0.00
0	2011	2	1	1	96	1.00	0.00
0	2011	2	1	1	97	2.00	0.00
0	2011	2	1	1	98	0.00	0.00
0	2011	2	1	1	99	1.00	0.00
0	2011	2	1	1	100	1.00	0.00
0	2011	2	1	1	101	0.00	0.00
0	2011	2	1	1	102	0.00	0.00
0	2011	2	1	1	103	0.00	0.00
0	2011	2	1	1	104	0.00	0.00
0	2011	2	1	1	105	0.00	0.00
0	2011	2	1	1	106	0.00	0.00
0	2011	2	1	1	107	0.00	0.00
0	2011	2	1	1	108	0.00	0.00
0	2011	2	1	1	109	0.00	0.00
0	2011	2	1	1	110	0.00	0.00
0	2011	2	1	1	111	0.00	0.00
0	2011	2	1	1	112	0.00	0.00
0	2011	2	1	1	113	0.00	0.00
0	2011	2	1	1	114	0.00	0.00
0	2011	2	1	1	115	0.00	0.00
0	2011	2	1	1	116	0.00	0.00
0	2011	2	1	1	117	0.00	0.00
0	2011	2	1	1	118	0.00	0.00
0	2011	2	1	1	119	0.00	0.00
0	2011	2	1	1	120	0.00	0.00
0	2011	3	0	0	0	89.00	11.00
0	2011	3	0	0	1	96.00	23.00
0	2011	3	0	0	2	111.00	25.00
0	2011	3	0	0	3	126.00	39.00
0	2011	3	0	0	4	137.00	26.00
0	2011	3	0	0	5	138.00	41.00
0	2011	3	0	0	6	148.00	45.00
0	2011	3	0	0	7	173.00	59.00
0	2011	3	0	0	8	227.00	51.00
0	2011	3	0	0	9	256.00	59.00
0	2011	3	0	0	10	333.00	102.00
0	2011	3	0	0	11	367.00	138.00
0	2011	3	0	0	12	415.00	165.00
0	2011	3	0	0	13	592.00	182.00
0	2011	3	0	0	14	722.00	155.00
0	2011	3	0	0	15	1038.00	696.00
0	2011	3	0	0	16	1358.00	1087.00
0	2011	3	0	0	17	1938.00	1412.00
0	2011	3	0	0	18	2587.00	1535.00
0	2011	3	0	0	19	3319.00	1702.00
0	2011	3	0	0	20	5134.00	2921.00
0	2011	3	0	0	21	6931.00	3959.00
0	2011	3	0	0	22	7745.00	4627.00
0	2011	3	0	0	23	6739.00	5277.00
0	2011	3	0	0	24	4838.00	5477.00
0	2011	3	0	0	25	3958.00	4241.00
0	2011	3	0	0	26	3481.00	3260.00
0	2011	3	0	0	27	3300.00	2384.00
0	2011	3	0	0	28	3251.00	1845.00
0	2011	3	0	0	29	3211.00	1583.00
0	2011	3	0	0	30	2664.00	1126.00
0	2011	3	0	0	31	2944.00	760.00
0	2011	3	0	0	32	2710.00	610.00
0	2011	3	0	0	33	2492.00	447.00
0	2011	3	0	0	34	2411.00	397.00
0	2011	3	0	0	35	2217.00	318.00
0	2011	3	0	0	36	2177.00	260.00
0	2011	3	0	0	37	2081.00	198.00
0	2011	3	0	0	38	1967.00	169.00
0	2011	3	0	0	39	1880.00	200.00
0	2011	3	0	0	40	1782.00	133.00
0	2011	3	0	0	41	1652.00	112.00
0	2011	3	0	0	42	1831.00	103.00
0	2011	3	0	0	43	1621.00	110.00
0	2011	3	0	0	44	1635.00	109.00
0	2011	3	0	0	45	1774.00	72.00
0	2011	3	0	0	46	1705.00	78.00
0	2011	3	0	0	47	1815.00	75.00
0	2011	3	0	0	48	1947.00	55.00
0	2011	3	0	0	49	1697.00	48.00
0	2011	3	0	0	50	1709.00	42.00
0	2011	3	0	0	51	1659.00	37.00
0	2011	3	0	0	52	1721.00	38.00
0	2011	3	0	0	53	1707.00	24.00
0	2011	3	0	0	54	1660.00	31.00
0	2011	3	0	0	55	1594.00	25.00
0	2011	3	0	0	56	1394.00	26.00
0	2011	3	0	0	57	1373.00	16.00
0	2011	3	0	0	58	1189.00	19.00
0	2011	3	0	0	59	1190.00	6.00
0	2011	3	0	0	60	1122.00	15.00
0	2011	3	0	0	61	1031.00	14.00
0	2011	3	0	0	62	918.00	5.00
0	2011	3	0	0	63	918.00	2.00
0	2011	3	0	0	64	788.00	5.00
0	2011	3	0	0	65	634.00	2.00
0	2011	3	0	0	66	603.00	6.00
0	2011	3	0	0	67	548.00	1.00
0	2011	3	0	0	68	512.00	5.00
0	2011	3	0	0	69	501.00	0.00
0	2011	3	0	0	70	545.00	1.00
0	2011	3	0	0	71	551.00	1.00
0	2011	3	0	0	72	552.00	1.00
0	2011	3	0	0	73	518.00	1.00
0	2011	3	0	0	74	471.00	0.00
0	2011	3	0	0	75	447.00	0.00
0	2011	3	0	0	76	423.00	1.00
0	2011	3	0	0	77	377.00	0.00
0	2011	3	0	0	78	314.00	0.00
0	2011	3	0	0	79	265.00	0.00
0	2011	3	0	0	80	245.00	0.00
0	2011	3	0	0	81	225.00	1.00
0	2011	3	0	0	82	156.00	0.00
0	2011	3	0	0	83	161.00	1.00
0	2011	3	0	0	84	123.00	1.00
0	2011	3	0	0	85	112.00	0.00
0	2011	3	0	0	86	98.00	0.00
0	2011	3	0	0	87	67.00	0.00
0	2011	3	0	0	88	56.00	0.00
0	2011	3	0	0	89	31.00	0.00
0	2011	3	0	0	90	30.00	0.00
0	2011	3	0	0	91	25.00	0.00
0	2011	3	0	0	92	16.00	0.00
0	2011	3	0	0	93	11.00	0.00
0	2011	3	0	0	94	11.00	0.00
0	2011	3	0	0	95	6.00	0.00
0	2011	3	0	0	96	6.00	0.00
0	2011	3	0	0	97	9.00	0.00
0	2011	3	0	0	98	2.00	0.00
0	2011	3	0	0	99	5.00	0.00
0	2011	3	0	0	100	2.00	8.00
0	2011	3	0	0	101	0.00	16.00
0	2011	3	0	0	102	0.00	25.00
0	2011	3	0	0	103	0.00	24.00
0	2011	3	0	0	104	0.00	38.00
0	2011	3	0	0	105	0.00	27.00
0	2011	3	0	0	106	0.00	18.00
0	2011	3	0	0	107	0.00	5.00
0	2011	3	0	0	108	0.00	5.00
0	2011	3	0	0	109	0.00	0.00
0	2011	3	0	0	110	0.00	0.00
0	2011	3	0	0	111	0.00	0.00
0	2011	3	0	0	112	0.00	0.00
0	2011	3	0	0	113	0.00	0.00
0	2011	3	0	0	114	0.00	0.00
0	2011	3	0	0	115	0.00	0.00
0	2011	3	0	0	116	0.00	0.00
0	2011	3	0	0	117	0.00	0.00
0	2011	3	0	0	118	0.00	0.00
0	2011	3	0	0	119	0.00	0.00
0	2011	3	0	0	120	0.00	0.00
0	2011	3	0	1	0	2017.00	0.00
0	2011	3	0	1	1	1783.00	0.00
0	2011	3	0	1	2	1683.00	0.00
0	2011	3	0	1	3	1636.00	0.00
0	2011	3	0	1	4	1444.00	0.00
0	2011	3	0	1	5	1238.00	0.00
0	2011	3	0	1	6	1103.00	0.00
0	2011	3	0	1	7	975.00	0.00
0	2011	3	0	1	8	918.00	0.00
0	2011	3	0	1	9	850.00	0.00
0	2011	3	0	1	10	1004.00	0.00
0	2011	3	0	1	11	885.00	0.00
0	2011	3	0	1	12	947.00	0.00
0	2011	3	0	1	13	928.00	0.00
0	2011	3	0	1	14	982.00	0.00
0	2011	3	0	1	15	1013.00	0.00
0	2011	3	0	1	16	1049.00	0.00
0	2011	3	0	1	17	1030.00	0.00
0	2011	3	0	1	18	1161.00	0.00
0	2011	3	0	1	19	1129.00	0.00
0	2011	3	0	1	20	1270.00	0.00
0	2011	3	0	1	21	1219.00	0.00
0	2011	3	0	1	22	1412.00	0.00
0	2011	3	0	1	23	1159.00	0.00
0	2011	3	0	1	24	1156.00	0.00
0	2011	3	0	1	25	1218.00	0.00
0	2011	3	0	1	26	1139.00	0.00
0	2011	3	0	1	27	1055.00	0.00
0	2011	3	0	1	28	1114.00	0.00
0	2011	3	0	1	29	1032.00	0.00
0	2011	3	0	1	30	1085.00	0.00
0	2011	3	0	1	31	931.00	0.00
0	2011	3	0	1	32	841.00	0.00
0	2011	3	0	1	33	712.00	0.00
0	2011	3	0	1	34	755.00	0.00
0	2011	3	0	1	35	678.00	0.00
0	2011	3	0	1	36	711.00	0.00
0	2011	3	0	1	37	616.00	0.00
0	2011	3	0	1	38	640.00	0.00
0	2011	3	0	1	39	542.00	0.00
0	2011	3	0	1	40	480.00	0.00
0	2011	3	0	1	41	440.00	0.00
0	2011	3	0	1	42	429.00	0.00
0	2011	3	0	1	43	338.00	0.00
0	2011	3	0	1	44	268.00	0.00
0	2011	3	0	1	45	217.00	0.00
0	2011	3	0	1	46	200.00	0.00
0	2011	3	0	1	47	159.00	0.00
0	2011	3	0	1	48	108.00	0.00
0	2011	3	0	1	49	84.00	0.00
0	2011	3	0	1	50	74.00	0.00
0	2011	3	0	1	51	65.00	0.00
0	2011	3	0	1	52	54.00	0.00
0	2011	3	0	1	53	61.00	0.00
0	2011	3	0	1	54	66.00	0.00
0	2011	3	0	1	55	39.00	0.00
0	2011	3	0	1	56	37.00	0.00
0	2011	3	0	1	57	43.00	0.00
0	2011	3	0	1	58	33.00	0.00
0	2011	3	0	1	59	35.00	0.00
0	2011	3	0	1	60	36.00	0.00
0	2011	3	0	1	61	28.00	0.00
0	2011	3	0	1	62	24.00	0.00
0	2011	3	0	1	63	34.00	0.00
0	2011	3	0	1	64	28.00	0.00
0	2011	3	0	1	65	37.00	0.00
0	2011	3	0	1	66	22.00	0.00
0	2011	3	0	1	67	20.00	0.00
0	2011	3	0	1	68	22.00	0.00
0	2011	3	0	1	69	20.00	0.00
0	2011	3	0	1	70	13.00	0.00
0	2011	3	0	1	71	17.00	0.00
0	2011	3	0	1	72	20.00	0.00
0	2011	3	0	1	73	17.00	0.00
0	2011	3	0	1	74	13.00	0.00
0	2011	3	0	1	75	13.00	0.00
0	2011	3	0	1	76	7.00	0.00
0	2011	3	0	1	77	8.00	0.00
0	2011	3	0	1	78	5.00	0.00
0	2011	3	0	1	79	5.00	0.00
0	2011	3	0	1	80	10.00	0.00
0	2011	3	0	1	81	6.00	0.00
0	2011	3	0	1	82	7.00	0.00
0	2011	3	0	1	83	3.00	0.00
0	2011	3	0	1	84	3.00	0.00
0	2011	3	0	1	85	2.00	0.00
0	2011	3	0	1	86	2.00	0.00
0	2011	3	0	1	87	3.00	0.00
0	2011	3	0	1	88	2.00	0.00
0	2011	3	0	1	89	0.00	0.00
0	2011	3	0	1	90	0.00	0.00
0	2011	3	0	1	91	0.00	0.00
0	2011	3	0	1	92	0.00	0.00
0	2011	3	0	1	93	1.00	0.00
0	2011	3	0	1	94	0.00	0.00
0	2011	3	0	1	95	0.00	0.00
0	2011	3	0	1	96	0.00	0.00
0	2011	3	0	1	97	0.00	0.00
0	2011	3	0	1	98	0.00	0.00
0	2011	3	0	1	99	2.00	0.00
0	2011	3	0	1	100	0.00	0.00
0	2011	3	0	1	101	0.00	0.00
0	2011	3	0	1	102	0.00	0.00
0	2011	3	0	1	103	0.00	0.00
0	2011	3	0	1	104	0.00	0.00
0	2011	3	0	1	105	0.00	0.00
0	2011	3	0	1	106	0.00	0.00
0	2011	3	0	1	107	0.00	0.00
0	2011	3	0	1	108	0.00	0.00
0	2011	3	0	1	109	0.00	0.00
0	2011	3	0	1	110	0.00	0.00
0	2011	3	0	1	111	0.00	0.00
0	2011	3	0	1	112	0.00	0.00
0	2011	3	0	1	113	0.00	0.00
0	2011	3	0	1	114	0.00	0.00
0	2011	3	0	1	115	0.00	0.00
0	2011	3	0	1	116	0.00	0.00
0	2011	3	0	1	117	0.00	0.00
0	2011	3	0	1	118	0.00	0.00
0	2011	3	0	1	119	0.00	0.00
0	2011	3	0	1	120	0.00	0.00
0	2011	3	1	0	0	63.00	13.00
0	2011	3	1	0	1	89.00	23.00
0	2011	3	1	0	2	140.00	37.00
0	2011	3	1	0	3	163.00	48.00
0	2011	3	1	0	4	178.00	46.00
0	2011	3	1	0	5	203.00	93.00
0	2011	3	1	0	6	215.00	122.00
0	2011	3	1	0	7	288.00	118.00
0	2011	3	1	0	8	309.00	149.00
0	2011	3	1	0	9	343.00	179.00
0	2011	3	1	0	10	412.00	792.00
0	2011	3	1	0	11	434.00	1305.00
0	2011	3	1	0	12	467.00	1732.00
0	2011	3	1	0	13	611.00	1924.00
0	2011	3	1	0	14	779.00	2072.00
0	2011	3	1	0	15	987.00	4343.00
0	2011	3	1	0	16	1350.00	6334.00
0	2011	3	1	0	17	2003.00	7733.00
0	2011	3	1	0	18	2918.00	8530.00
0	2011	3	1	0	19	4092.00	8884.00
0	2011	3	1	0	20	6002.00	6880.00
0	2011	3	1	0	21	7314.00	5049.00
0	2011	3	1	0	22	8524.00	3735.00
0	2011	3	1	0	23	7595.00	2820.00
0	2011	3	1	0	24	4948.00	2197.00
0	2011	3	1	0	25	3746.00	1599.00
0	2011	3	1	0	26	3522.00	1116.00
0	2011	3	1	0	27	3699.00	758.00
0	2011	3	1	0	28	4197.00	545.00
0	2011	3	1	0	29	3832.00	459.00
0	2011	3	1	0	30	3436.00	360.00
0	2011	3	1	0	31	3535.00	296.00
0	2011	3	1	0	32	3250.00	233.00
0	2011	3	1	0	33	3063.00	212.00
0	2011	3	1	0	34	2903.00	219.00
0	2011	3	1	0	35	2770.00	166.00
0	2011	3	1	0	36	2607.00	138.00
0	2011	3	1	0	37	2611.00	128.00
0	2011	3	1	0	38	2504.00	144.00
0	2011	3	1	0	39	2401.00	121.00
0	2011	3	1	0	40	2352.00	112.00
0	2011	3	1	0	41	2309.00	91.00
0	2011	3	1	0	42	2518.00	83.00
0	2011	3	1	0	43	2139.00	63.00
0	2011	3	1	0	44	2150.00	76.00
0	2011	3	1	0	45	2121.00	64.00
0	2011	3	1	0	46	2217.00	44.00
0	2011	3	1	0	47	2550.00	30.00
0	2011	3	1	0	48	2581.00	24.00
0	2011	3	1	0	49	2175.00	34.00
0	2011	3	1	0	50	2128.00	29.00
0	2011	3	1	0	51	2002.00	12.00
0	2011	3	1	0	52	2039.00	7.00
0	2011	3	1	0	53	2056.00	10.00
0	2011	3	1	0	54	2019.00	2.00
0	2011	3	1	0	55	1860.00	6.00
0	2011	3	1	0	56	1817.00	2.00
0	2011	3	1	0	57	1908.00	2.00
0	2011	3	1	0	58	1701.00	7.00
0	2011	3	1	0	59	1608.00	6.00
0	2011	3	1	0	60	1447.00	0.00
0	2011	3	1	0	61	1488.00	5.00
0	2011	3	1	0	62	1330.00	3.00
0	2011	3	1	0	63	1242.00	2.00
0	2011	3	1	0	64	1026.00	3.00
0	2011	3	1	0	65	783.00	1.00
0	2011	3	1	0	66	710.00	1.00
0	2011	3	1	0	67	635.00	1.00
0	2011	3	1	0	68	567.00	4.00
0	2011	3	1	0	69	544.00	0.00
0	2011	3	1	0	70	549.00	0.00
0	2011	3	1	0	71	585.00	1.00
0	2011	3	1	0	72	533.00	0.00
0	2011	3	1	0	73	562.00	0.00
0	2011	3	1	0	74	515.00	0.00
0	2011	3	1	0	75	445.00	0.00
0	2011	3	1	0	76	425.00	0.00
0	2011	3	1	0	77	410.00	1.00
0	2011	3	1	0	78	377.00	0.00
0	2011	3	1	0	79	331.00	0.00
0	2011	3	1	0	80	315.00	0.00
0	2011	3	1	0	81	262.00	0.00
0	2011	3	1	0	82	263.00	0.00
0	2011	3	1	0	83	164.00	0.00
0	2011	3	1	0	84	177.00	0.00
0	2011	3	1	0	85	180.00	0.00
0	2011	3	1	0	86	151.00	0.00
0	2011	3	1	0	87	117.00	0.00
0	2011	3	1	0	88	94.00	0.00
0	2011	3	1	0	89	86.00	0.00
0	2011	3	1	0	90	62.00	0.00
0	2011	3	1	0	91	59.00	0.00
0	2011	3	1	0	92	30.00	0.00
0	2011	3	1	0	93	30.00	0.00
0	2011	3	1	0	94	26.00	0.00
0	2011	3	1	0	95	17.00	0.00
0	2011	3	1	0	96	4.00	0.00
0	2011	3	1	0	97	14.00	0.00
0	2011	3	1	0	98	3.00	0.00
0	2011	3	1	0	99	5.00	0.00
0	2011	3	1	0	100	10.00	0.00
0	2011	3	1	0	101	0.00	0.00
0	2011	3	1	0	102	0.00	0.00
0	2011	3	1	0	103	0.00	0.00
0	2011	3	1	0	104	0.00	0.00
0	2011	3	1	0	105	0.00	0.00
0	2011	3	1	0	106	0.00	0.00
0	2011	3	1	0	107	0.00	0.00
0	2011	3	1	0	108	0.00	0.00
0	2011	3	1	0	109	0.00	0.00
0	2011	3	1	0	110	0.00	0.00
0	2011	3	1	0	111	0.00	0.00
0	2011	3	1	0	112	0.00	0.00
0	2011	3	1	0	113	0.00	0.00
0	2011	3	1	0	114	0.00	0.00
0	2011	3	1	0	115	0.00	0.00
0	2011	3	1	0	116	0.00	0.00
0	2011	3	1	0	117	0.00	0.00
0	2011	3	1	0	118	0.00	0.00
0	2011	3	1	0	119	0.00	0.00
0	2011	3	1	0	120	0.00	0.00
0	2011	3	1	1	0	1739.00	0.00
0	2011	3	1	1	1	1732.00	0.00
0	2011	3	1	1	2	1666.00	0.00
0	2011	3	1	1	3	1532.00	0.00
0	2011	3	1	1	4	1338.00	0.00
0	2011	3	1	1	5	1199.00	0.00
0	2011	3	1	1	6	1147.00	0.00
0	2011	3	1	1	7	983.00	0.00
0	2011	3	1	1	8	891.00	0.00
0	2011	3	1	1	9	803.00	0.00
0	2011	3	1	1	10	900.00	0.00
0	2011	3	1	1	11	806.00	0.00
0	2011	3	1	1	12	829.00	0.00
0	2011	3	1	1	13	845.00	0.00
0	2011	3	1	1	14	958.00	0.00
0	2011	3	1	1	15	977.00	0.00
0	2011	3	1	1	16	988.00	0.00
0	2011	3	1	1	17	992.00	0.00
0	2011	3	1	1	18	1174.00	0.00
0	2011	3	1	1	19	1044.00	0.00
0	2011	3	1	1	20	1258.00	0.00
0	2011	3	1	1	21	1087.00	0.00
0	2011	3	1	1	22	1244.00	0.00
0	2011	3	1	1	23	987.00	0.00
0	2011	3	1	1	24	1066.00	0.00
0	2011	3	1	1	25	994.00	0.00
0	2011	3	1	1	26	1016.00	0.00
0	2011	3	1	1	27	954.00	0.00
0	2011	3	1	1	28	969.00	0.00
0	2011	3	1	1	29	910.00	0.00
0	2011	3	1	1	30	885.00	0.00
0	2011	3	1	1	31	745.00	0.00
0	2011	3	1	1	32	720.00	0.00
0	2011	3	1	1	33	674.00	0.00
0	2011	3	1	1	34	705.00	0.00
0	2011	3	1	1	35	689.00	0.00
0	2011	3	1	1	36	584.00	0.00
0	2011	3	1	1	37	518.00	0.00
0	2011	3	1	1	38	550.00	0.00
0	2011	3	1	1	39	538.00	0.00
0	2011	3	1	1	40	488.00	0.00
0	2011	3	1	1	41	412.00	0.00
0	2011	3	1	1	42	351.00	0.00
0	2011	3	1	1	43	311.00	0.00
0	2011	3	1	1	44	254.00	0.00
0	2011	3	1	1	45	200.00	0.00
0	2011	3	1	1	46	156.00	0.00
0	2011	3	1	1	47	130.00	0.00
0	2011	3	1	1	48	111.00	0.00
0	2011	3	1	1	49	101.00	0.00
0	2011	3	1	1	50	74.00	0.00
0	2011	3	1	1	51	57.00	0.00
0	2011	3	1	1	52	71.00	0.00
0	2011	3	1	1	53	47.00	0.00
0	2011	3	1	1	54	45.00	0.00
0	2011	3	1	1	55	50.00	0.00
0	2011	3	1	1	56	40.00	0.00
0	2011	3	1	1	57	25.00	0.00
0	2011	3	1	1	58	39.00	0.00
0	2011	3	1	1	59	34.00	0.00
0	2011	3	1	1	60	28.00	0.00
0	2011	3	1	1	61	32.00	0.00
0	2011	3	1	1	62	26.00	0.00
0	2011	3	1	1	63	28.00	0.00
0	2011	3	1	1	64	23.00	0.00
0	2011	3	1	1	65	23.00	0.00
0	2011	3	1	1	66	15.00	0.00
0	2011	3	1	1	67	17.00	0.00
0	2011	3	1	1	68	9.00	0.00
0	2011	3	1	1	69	18.00	0.00
0	2011	3	1	1	70	11.00	0.00
0	2011	3	1	1	71	9.00	0.00
0	2011	3	1	1	72	13.00	0.00
0	2011	3	1	1	73	22.00	0.00
0	2011	3	1	1	74	9.00	0.00
0	2011	3	1	1	75	7.00	0.00
0	2011	3	1	1	76	8.00	0.00
0	2011	3	1	1	77	9.00	0.00
0	2011	3	1	1	78	19.00	0.00
0	2011	3	1	1	79	6.00	0.00
0	2011	3	1	1	80	6.00	0.00
0	2011	3	1	1	81	13.00	0.00
0	2011	3	1	1	82	9.00	0.00
0	2011	3	1	1	83	6.00	0.00
0	2011	3	1	1	84	12.00	0.00
0	2011	3	1	1	85	3.00	0.00
0	2011	3	1	1	86	9.00	0.00
0	2011	3	1	1	87	3.00	0.00
0	2011	3	1	1	88	4.00	0.00
0	2011	3	1	1	89	2.00	0.00
0	2011	3	1	1	90	1.00	0.00
0	2011	3	1	1	91	0.00	0.00
0	2011	3	1	1	92	0.00	0.00
0	2011	3	1	1	93	2.00	0.00
0	2011	3	1	1	94	0.00	0.00
0	2011	3	1	1	95	1.00	0.00
0	2011	3	1	1	96	0.00	0.00
0	2011	3	1	1	97	0.00	0.00
0	2011	3	1	1	98	1.00	0.00
0	2011	3	1	1	99	2.00	0.00
0	2011	3	1	1	100	2.00	0.00
0	2011	3	1	1	101	0.00	0.00
0	2011	3	1	1	102	0.00	0.00
0	2011	3	1	1	103	0.00	0.00
0	2011	3	1	1	104	0.00	0.00
0	2011	3	1	1	105	0.00	0.00
0	2011	3	1	1	106	0.00	0.00
0	2011	3	1	1	107	0.00	0.00
0	2011	3	1	1	108	0.00	0.00
0	2011	3	1	1	109	0.00	0.00
0	2011	3	1	1	110	0.00	0.00
0	2011	3	1	1	111	0.00	0.00
0	2011	3	1	1	112	0.00	0.00
0	2011	3	1	1	113	0.00	0.00
0	2011	3	1	1	114	0.00	0.00
0	2011	3	1	1	115	0.00	0.00
0	2011	3	1	1	116	0.00	0.00
0	2011	3	1	1	117	0.00	0.00
0	2011	3	1	1	118	0.00	0.00
0	2011	3	1	1	119	0.00	0.00
0	2011	3	1	1	120	0.00	0.00
0	2011	4	0	0	0	565.00	13.00
0	2011	4	0	0	1	1046.00	9.00
0	2011	4	0	0	2	1248.00	32.00
0	2011	4	0	0	3	1320.00	27.00
0	2011	4	0	0	4	1473.00	47.00
0	2011	4	0	0	5	1377.00	39.00
0	2011	4	0	0	6	1420.00	35.00
0	2011	4	0	0	7	1522.00	25.00
0	2011	4	0	0	8	1558.00	22.00
0	2011	4	0	0	9	1491.00	25.00
0	2011	4	0	0	10	1545.00	20.00
0	2011	4	0	0	11	1533.00	23.00
0	2011	4	0	0	12	1448.00	36.00
0	2011	4	0	0	13	1436.00	25.00
0	2011	4	0	0	14	1476.00	33.00
0	2011	4	0	0	15	1423.00	438.00
0	2011	4	0	0	16	1380.00	957.00
0	2011	4	0	0	17	1476.00	1643.00
0	2011	4	0	0	18	1972.00	1861.00
0	2011	4	0	0	19	2660.00	1878.00
0	2011	4	0	0	20	3021.00	3261.00
0	2011	4	0	0	21	3833.00	5014.00
0	2011	4	0	0	22	5649.00	6896.00
0	2011	4	0	0	23	6754.00	7525.00
0	2011	4	0	0	24	7317.00	7880.00
0	2011	4	0	0	25	8188.00	8113.00
0	2011	4	0	0	26	8425.00	7972.00
0	2011	4	0	0	27	8171.00	7167.00
0	2011	4	0	0	28	8468.00	7002.00
0	2011	4	0	0	29	9169.00	7111.00
0	2011	4	0	0	30	9134.00	7209.00
0	2011	4	0	0	31	9632.00	6797.00
0	2011	4	0	0	32	9639.00	6215.00
0	2011	4	0	0	33	9203.00	6367.00
0	2011	4	0	0	34	9584.00	6183.00
0	2011	4	0	0	35	9153.00	5511.00
0	2011	4	0	0	36	8485.00	4894.00
0	2011	4	0	0	37	7591.00	4241.00
0	2011	4	0	0	38	7504.00	3952.00
0	2011	4	0	0	39	7089.00	3894.00
0	2011	4	0	0	40	6425.00	2917.00
0	2011	4	0	0	41	6444.00	2230.00
0	2011	4	0	0	42	6240.00	1784.00
0	2011	4	0	0	43	6139.00	1577.00
0	2011	4	0	0	44	5946.00	1435.00
0	2011	4	0	0	45	6304.00	1021.00
0	2011	4	0	0	46	6444.00	703.00
0	2011	4	0	0	47	6708.00	475.00
0	2011	4	0	0	48	6888.00	424.00
0	2011	4	0	0	49	7272.00	354.00
0	2011	4	0	0	50	7709.00	289.00
0	2011	4	0	0	51	7689.00	155.00
0	2011	4	0	0	52	7543.00	132.00
0	2011	4	0	0	53	7546.00	116.00
0	2011	4	0	0	54	7724.00	102.00
0	2011	4	0	0	55	7752.00	92.00
0	2011	4	0	0	56	7677.00	106.00
0	2011	4	0	0	57	7173.00	141.00
0	2011	4	0	0	58	7186.00	114.00
0	2011	4	0	0	59	6377.00	109.00
0	2011	4	0	0	60	6053.00	88.00
0	2011	4	0	0	61	5620.00	45.00
0	2011	4	0	0	62	5209.00	25.00
0	2011	4	0	0	63	4674.00	23.00
0	2011	4	0	0	64	4076.00	17.00
0	2011	4	0	0	65	3629.00	11.00
0	2011	4	0	0	66	3400.00	8.00
0	2011	4	0	0	67	3390.00	10.00
0	2011	4	0	0	68	3472.00	2.00
0	2011	4	0	0	69	3276.00	4.00
0	2011	4	0	0	70	3368.00	4.00
0	2011	4	0	0	71	3432.00	5.00
0	2011	4	0	0	72	3323.00	2.00
0	2011	4	0	0	73	3010.00	1.00
0	2011	4	0	0	74	2948.00	3.00
0	2011	4	0	0	75	2816.00	1.00
0	2011	4	0	0	76	2344.00	0.00
0	2011	4	0	0	77	2334.00	1.00
0	2011	4	0	0	78	2055.00	0.00
0	2011	4	0	0	79	1888.00	0.00
0	2011	4	0	0	80	1606.00	0.00
0	2011	4	0	0	81	1345.00	0.00
0	2011	4	0	0	82	1089.00	0.00
0	2011	4	0	0	83	929.00	0.00
0	2011	4	0	0	84	753.00	0.00
0	2011	4	0	0	85	637.00	0.00
0	2011	4	0	0	86	562.00	0.00
0	2011	4	0	0	87	434.00	0.00
0	2011	4	0	0	88	385.00	0.00
0	2011	4	0	0	89	302.00	0.00
0	2011	4	0	0	90	208.00	0.00
0	2011	4	0	0	91	177.00	0.00
0	2011	4	0	0	92	123.00	2.00
0	2011	4	0	0	93	83.00	0.00
0	2011	4	0	0	94	74.00	0.00
0	2011	4	0	0	95	43.00	0.00
0	2011	4	0	0	96	33.00	0.00
0	2011	4	0	0	97	22.00	0.00
0	2011	4	0	0	98	21.00	0.00
0	2011	4	0	0	99	11.00	0.00
0	2011	4	0	0	100	34.00	5.00
0	2011	4	0	0	101	0.00	9.00
0	2011	4	0	0	102	0.00	16.00
0	2011	4	0	0	103	0.00	39.00
0	2011	4	0	0	104	0.00	38.00
0	2011	4	0	0	105	0.00	32.00
0	2011	4	0	0	106	0.00	18.00
0	2011	4	0	0	107	0.00	11.00
0	2011	4	0	0	108	0.00	8.00
0	2011	4	0	0	109	0.00	3.00
0	2011	4	0	0	110	0.00	2.00
0	2011	4	0	0	111	0.00	2.00
0	2011	4	0	0	112	0.00	0.00
0	2011	4	0	0	113	0.00	0.00
0	2011	4	0	0	114	0.00	0.00
0	2011	4	0	0	115	0.00	0.00
0	2011	4	0	0	116	0.00	0.00
0	2011	4	0	0	117	0.00	0.00
0	2011	4	0	0	118	0.00	0.00
0	2011	4	0	0	119	0.00	0.00
0	2011	4	0	0	120	0.00	0.00
0	2011	4	0	1	0	9334.00	0.00
0	2011	4	0	1	1	8937.00	0.00
0	2011	4	0	1	2	8818.00	0.00
0	2011	4	0	1	3	8871.00	0.00
0	2011	4	0	1	4	8327.00	0.00
0	2011	4	0	1	5	7847.00	0.00
0	2011	4	0	1	6	7176.00	0.00
0	2011	4	0	1	7	6632.00	0.00
0	2011	4	0	1	8	6221.00	0.00
0	2011	4	0	1	9	6107.00	0.00
0	2011	4	0	1	10	6150.00	0.00
0	2011	4	0	1	11	6153.00	0.00
0	2011	4	0	1	12	6242.00	0.00
0	2011	4	0	1	13	6200.00	0.00
0	2011	4	0	1	14	6224.00	0.00
0	2011	4	0	1	15	6620.00	0.00
0	2011	4	0	1	16	6445.00	0.00
0	2011	4	0	1	17	6586.00	0.00
0	2011	4	0	1	18	6742.00	0.00
0	2011	4	0	1	19	7114.00	0.00
0	2011	4	0	1	20	7343.00	0.00
0	2011	4	0	1	21	7371.00	0.00
0	2011	4	0	1	22	7254.00	0.00
0	2011	4	0	1	23	7556.00	0.00
0	2011	4	0	1	24	7524.00	0.00
0	2011	4	0	1	25	7783.00	0.00
0	2011	4	0	1	26	7884.00	0.00
0	2011	4	0	1	27	7466.00	0.00
0	2011	4	0	1	28	7628.00	0.00
0	2011	4	0	1	29	7571.00	0.00
0	2011	4	0	1	30	7540.00	0.00
0	2011	4	0	1	31	7036.00	0.00
0	2011	4	0	1	32	6640.00	0.00
0	2011	4	0	1	33	5999.00	0.00
0	2011	4	0	1	34	5805.00	0.00
0	2011	4	0	1	35	5244.00	0.00
0	2011	4	0	1	36	4841.00	0.00
0	2011	4	0	1	37	4966.00	0.00
0	2011	4	0	1	38	4804.00	0.00
0	2011	4	0	1	39	4557.00	0.00
0	2011	4	0	1	40	4550.00	0.00
0	2011	4	0	1	41	4480.00	0.00
0	2011	4	0	1	42	4249.00	0.00
0	2011	4	0	1	43	3575.00	0.00
0	2011	4	0	1	44	2917.00	0.00
0	2011	4	0	1	45	2176.00	0.00
0	2011	4	0	1	46	1709.00	0.00
0	2011	4	0	1	47	1436.00	0.00
0	2011	4	0	1	48	1184.00	0.00
0	2011	4	0	1	49	804.00	0.00
0	2011	4	0	1	50	625.00	0.00
0	2011	4	0	1	51	454.00	0.00
0	2011	4	0	1	52	383.00	0.00
0	2011	4	0	1	53	292.00	0.00
0	2011	4	0	1	54	240.00	0.00
0	2011	4	0	1	55	177.00	0.00
0	2011	4	0	1	56	179.00	0.00
0	2011	4	0	1	57	151.00	0.00
0	2011	4	0	1	58	135.00	0.00
0	2011	4	0	1	59	125.00	0.00
0	2011	4	0	1	60	90.00	0.00
0	2011	4	0	1	61	86.00	0.00
0	2011	4	0	1	62	70.00	0.00
0	2011	4	0	1	63	60.00	0.00
0	2011	4	0	1	64	52.00	0.00
0	2011	4	0	1	65	55.00	0.00
0	2011	4	0	1	66	59.00	0.00
0	2011	4	0	1	67	42.00	0.00
0	2011	4	0	1	68	46.00	0.00
0	2011	4	0	1	69	34.00	0.00
0	2011	4	0	1	70	48.00	0.00
0	2011	4	0	1	71	47.00	0.00
0	2011	4	0	1	72	59.00	0.00
0	2011	4	0	1	73	29.00	0.00
0	2011	4	0	1	74	41.00	0.00
0	2011	4	0	1	75	35.00	0.00
0	2011	4	0	1	76	26.00	0.00
0	2011	4	0	1	77	29.00	0.00
0	2011	4	0	1	78	37.00	0.00
0	2011	4	0	1	79	25.00	0.00
0	2011	4	0	1	80	20.00	0.00
0	2011	4	0	1	81	15.00	0.00
0	2011	4	0	1	82	27.00	0.00
0	2011	4	0	1	83	13.00	0.00
0	2011	4	0	1	84	15.00	0.00
0	2011	4	0	1	85	17.00	0.00
0	2011	4	0	1	86	12.00	0.00
0	2011	4	0	1	87	9.00	0.00
0	2011	4	0	1	88	9.00	0.00
0	2011	4	0	1	89	7.00	0.00
0	2011	4	0	1	90	4.00	0.00
0	2011	4	0	1	91	7.00	0.00
0	2011	4	0	1	92	1.00	0.00
0	2011	4	0	1	93	1.00	0.00
0	2011	4	0	1	94	0.00	0.00
0	2011	4	0	1	95	3.00	0.00
0	2011	4	0	1	96	1.00	0.00
0	2011	4	0	1	97	5.00	0.00
0	2011	4	0	1	98	1.00	0.00
0	2011	4	0	1	99	2.00	0.00
0	2011	4	0	1	100	2.00	0.00
0	2011	4	0	1	101	0.00	0.00
0	2011	4	0	1	102	0.00	0.00
0	2011	4	0	1	103	0.00	0.00
0	2011	4	0	1	104	0.00	0.00
0	2011	4	0	1	105	0.00	0.00
0	2011	4	0	1	106	0.00	0.00
0	2011	4	0	1	107	0.00	0.00
0	2011	4	0	1	108	0.00	0.00
0	2011	4	0	1	109	0.00	0.00
0	2011	4	0	1	110	0.00	0.00
0	2011	4	0	1	111	0.00	0.00
0	2011	4	0	1	112	0.00	0.00
0	2011	4	0	1	113	0.00	0.00
0	2011	4	0	1	114	0.00	0.00
0	2011	4	0	1	115	0.00	0.00
0	2011	4	0	1	116	0.00	0.00
0	2011	4	0	1	117	0.00	0.00
0	2011	4	0	1	118	0.00	0.00
0	2011	4	0	1	119	0.00	0.00
0	2011	4	0	1	120	0.00	0.00
0	2011	4	1	0	0	495.00	7.00
0	2011	4	1	0	1	984.00	6.00
0	2011	4	1	0	2	1218.00	18.00
0	2011	4	1	0	3	1427.00	15.00
0	2011	4	1	0	4	1359.00	19.00
0	2011	4	1	0	5	1326.00	30.00
0	2011	4	1	0	6	1353.00	16.00
0	2011	4	1	0	7	1426.00	21.00
0	2011	4	1	0	8	1528.00	25.00
0	2011	4	1	0	9	1509.00	30.00
0	2011	4	1	0	10	1451.00	272.00
0	2011	4	1	0	11	1412.00	654.00
0	2011	4	1	0	12	1347.00	1018.00
0	2011	4	1	0	13	1296.00	1102.00
0	2011	4	1	0	14	1298.00	1187.00
0	2011	4	1	0	15	1297.00	2099.00
0	2011	4	1	0	16	1240.00	3223.00
0	2011	4	1	0	17	1319.00	4435.00
0	2011	4	1	0	18	1562.00	4846.00
0	2011	4	1	0	19	2066.00	5106.00
0	2011	4	1	0	20	2021.00	5040.00
0	2011	4	1	0	21	2534.00	4717.00
0	2011	4	1	0	22	3422.00	4077.00
0	2011	4	1	0	23	4277.00	3922.00
0	2011	4	1	0	24	5131.00	3885.00
0	2011	4	1	0	25	6216.00	3374.00
0	2011	4	1	0	26	7235.00	2873.00
0	2011	4	1	0	27	7904.00	2237.00
0	2011	4	1	0	28	8509.00	2002.00
0	2011	4	1	0	29	8887.00	1839.00
0	2011	4	1	0	30	9136.00	1506.00
0	2011	4	1	0	31	9377.00	1137.00
0	2011	4	1	0	32	8896.00	879.00
0	2011	4	1	0	33	8435.00	762.00
0	2011	4	1	0	34	8395.00	716.00
0	2011	4	1	0	35	7778.00	509.00
0	2011	4	1	0	36	7458.00	403.00
0	2011	4	1	0	37	6649.00	286.00
0	2011	4	1	0	38	6669.00	248.00
0	2011	4	1	0	39	6294.00	257.00
0	2011	4	1	0	40	6170.00	149.00
0	2011	4	1	0	41	5997.00	121.00
0	2011	4	1	0	42	5952.00	82.00
0	2011	4	1	0	43	6196.00	62.00
0	2011	4	1	0	44	6274.00	49.00
0	2011	4	1	0	45	6771.00	48.00
0	2011	4	1	0	46	6821.00	35.00
0	2011	4	1	0	47	7369.00	27.00
0	2011	4	1	0	48	7539.00	12.00
0	2011	4	1	0	49	7935.00	21.00
0	2011	4	1	0	50	8050.00	23.00
0	2011	4	1	0	51	8016.00	21.00
0	2011	4	1	0	52	8008.00	29.00
0	2011	4	1	0	53	7854.00	30.00
0	2011	4	1	0	54	7832.00	34.00
0	2011	4	1	0	55	7618.00	18.00
0	2011	4	1	0	56	7554.00	18.00
0	2011	4	1	0	57	6905.00	5.00
0	2011	4	1	0	58	6921.00	3.00
0	2011	4	1	0	59	6457.00	4.00
0	2011	4	1	0	60	6257.00	4.00
0	2011	4	1	0	61	6014.00	1.00
0	2011	4	1	0	62	5516.00	1.00
0	2011	4	1	0	63	5132.00	1.00
0	2011	4	1	0	64	4443.00	0.00
0	2011	4	1	0	65	4124.00	1.00
0	2011	4	1	0	66	3805.00	1.00
0	2011	4	1	0	67	3884.00	1.00
0	2011	4	1	0	68	3840.00	2.00
0	2011	4	1	0	69	3581.00	1.00
0	2011	4	1	0	70	3497.00	4.00
0	2011	4	1	0	71	3639.00	0.00
0	2011	4	1	0	72	3372.00	0.00
0	2011	4	1	0	73	3117.00	0.00
0	2011	4	1	0	74	2924.00	0.00
0	2011	4	1	0	75	2686.00	0.00
0	2011	4	1	0	76	2574.00	0.00
0	2011	4	1	0	77	2298.00	1.00
0	2011	4	1	0	78	2167.00	0.00
0	2011	4	1	0	79	1897.00	0.00
0	2011	4	1	0	80	1869.00	2.00
0	2011	4	1	0	81	1612.00	0.00
0	2011	4	1	0	82	1282.00	0.00
0	2011	4	1	0	83	1183.00	0.00
0	2011	4	1	0	84	950.00	0.00
0	2011	4	1	0	85	886.00	0.00
0	2011	4	1	0	86	743.00	0.00
0	2011	4	1	0	87	627.00	0.00
0	2011	4	1	0	88	535.00	0.00
0	2011	4	1	0	89	420.00	0.00
0	2011	4	1	0	90	370.00	0.00
0	2011	4	1	0	91	250.00	0.00
0	2011	4	1	0	92	188.00	0.00
0	2011	4	1	0	93	146.00	0.00
0	2011	4	1	0	94	114.00	0.00
0	2011	4	1	0	95	75.00	0.00
0	2011	4	1	0	96	69.00	0.00
0	2011	4	1	0	97	57.00	0.00
0	2011	4	1	0	98	28.00	0.00
0	2011	4	1	0	99	25.00	0.00
0	2011	4	1	0	100	74.00	0.00
0	2011	4	1	0	101	0.00	0.00
0	2011	4	1	0	102	0.00	0.00
0	2011	4	1	0	103	0.00	0.00
0	2011	4	1	0	104	0.00	0.00
0	2011	4	1	0	105	0.00	0.00
0	2011	4	1	0	106	0.00	0.00
0	2011	4	1	0	107	0.00	0.00
0	2011	4	1	0	108	0.00	0.00
0	2011	4	1	0	109	0.00	0.00
0	2011	4	1	0	110	0.00	0.00
0	2011	4	1	0	111	0.00	0.00
0	2011	4	1	0	112	0.00	0.00
0	2011	4	1	0	113	0.00	0.00
0	2011	4	1	0	114	0.00	0.00
0	2011	4	1	0	115	0.00	0.00
0	2011	4	1	0	116	0.00	0.00
0	2011	4	1	0	117	0.00	0.00
0	2011	4	1	0	118	0.00	0.00
0	2011	4	1	0	119	0.00	0.00
0	2011	4	1	0	120	0.00	0.00
0	2011	4	1	1	0	9158.00	0.00
0	2011	4	1	1	1	8688.00	0.00
0	2011	4	1	1	2	8297.00	0.00
0	2011	4	1	1	3	8217.00	0.00
0	2011	4	1	1	4	7869.00	0.00
0	2011	4	1	1	5	7425.00	0.00
0	2011	4	1	1	6	6797.00	0.00
0	2011	4	1	1	7	6199.00	0.00
0	2011	4	1	1	8	5915.00	0.00
0	2011	4	1	1	9	5571.00	0.00
0	2011	4	1	1	10	5782.00	0.00
0	2011	4	1	1	11	5881.00	0.00
0	2011	4	1	1	12	5759.00	0.00
0	2011	4	1	1	13	5855.00	0.00
0	2011	4	1	1	14	6070.00	0.00
0	2011	4	1	1	15	6076.00	0.00
0	2011	4	1	1	16	6182.00	0.00
0	2011	4	1	1	17	6297.00	0.00
0	2011	4	1	1	18	6587.00	0.00
0	2011	4	1	1	19	7135.00	0.00
0	2011	4	1	1	20	7227.00	0.00
0	2011	4	1	1	21	7101.00	0.00
0	2011	4	1	1	22	7098.00	0.00
0	2011	4	1	1	23	7278.00	0.00
0	2011	4	1	1	24	7229.00	0.00
0	2011	4	1	1	25	7452.00	0.00
0	2011	4	1	1	26	7286.00	0.00
0	2011	4	1	1	27	7175.00	0.00
0	2011	4	1	1	28	7292.00	0.00
0	2011	4	1	1	29	7092.00	0.00
0	2011	4	1	1	30	7270.00	0.00
0	2011	4	1	1	31	6794.00	0.00
0	2011	4	1	1	32	6339.00	0.00
0	2011	4	1	1	33	5893.00	0.00
0	2011	4	1	1	34	5524.00	0.00
0	2011	4	1	1	35	5176.00	0.00
0	2011	4	1	1	36	4901.00	0.00
0	2011	4	1	1	37	4891.00	0.00
0	2011	4	1	1	38	4774.00	0.00
0	2011	4	1	1	39	4482.00	0.00
0	2011	4	1	1	40	4365.00	0.00
0	2011	4	1	1	41	4508.00	0.00
0	2011	4	1	1	42	4109.00	0.00
0	2011	4	1	1	43	3485.00	0.00
0	2011	4	1	1	44	2870.00	0.00
0	2011	4	1	1	45	2296.00	0.00
0	2011	4	1	1	46	1676.00	0.00
0	2011	4	1	1	47	1338.00	0.00
0	2011	4	1	1	48	1171.00	0.00
0	2011	4	1	1	49	837.00	0.00
0	2011	4	1	1	50	648.00	0.00
0	2011	4	1	1	51	497.00	0.00
0	2011	4	1	1	52	387.00	0.00
0	2011	4	1	1	53	316.00	0.00
0	2011	4	1	1	54	236.00	0.00
0	2011	4	1	1	55	158.00	0.00
0	2011	4	1	1	56	161.00	0.00
0	2011	4	1	1	57	134.00	0.00
0	2011	4	1	1	58	132.00	0.00
0	2011	4	1	1	59	111.00	0.00
0	2011	4	1	1	60	122.00	0.00
0	2011	4	1	1	61	89.00	0.00
0	2011	4	1	1	62	70.00	0.00
0	2011	4	1	1	63	70.00	0.00
0	2011	4	1	1	64	65.00	0.00
0	2011	4	1	1	65	67.00	0.00
0	2011	4	1	1	66	55.00	0.00
0	2011	4	1	1	67	53.00	0.00
0	2011	4	1	1	68	55.00	0.00
0	2011	4	1	1	69	27.00	0.00
0	2011	4	1	1	70	35.00	0.00
0	2011	4	1	1	71	51.00	0.00
0	2011	4	1	1	72	41.00	0.00
0	2011	4	1	1	73	40.00	0.00
0	2011	4	1	1	74	41.00	0.00
0	2011	4	1	1	75	22.00	0.00
0	2011	4	1	1	76	34.00	0.00
0	2011	4	1	1	77	39.00	0.00
0	2011	4	1	1	78	37.00	0.00
0	2011	4	1	1	79	28.00	0.00
0	2011	4	1	1	80	23.00	0.00
0	2011	4	1	1	81	23.00	0.00
0	2011	4	1	1	82	14.00	0.00
0	2011	4	1	1	83	26.00	0.00
0	2011	4	1	1	84	22.00	0.00
0	2011	4	1	1	85	11.00	0.00
0	2011	4	1	1	86	22.00	0.00
0	2011	4	1	1	87	18.00	0.00
0	2011	4	1	1	88	14.00	0.00
0	2011	4	1	1	89	12.00	0.00
0	2011	4	1	1	90	11.00	0.00
0	2011	4	1	1	91	7.00	0.00
0	2011	4	1	1	92	3.00	0.00
0	2011	4	1	1	93	5.00	0.00
0	2011	4	1	1	94	7.00	0.00
0	2011	4	1	1	95	6.00	0.00
0	2011	4	1	1	96	1.00	0.00
0	2011	4	1	1	97	3.00	0.00
0	2011	4	1	1	98	2.00	0.00
0	2011	4	1	1	99	2.00	0.00
0	2011	4	1	1	100	5.00	0.00
0	2011	4	1	1	101	0.00	0.00
0	2011	4	1	1	102	0.00	0.00
0	2011	4	1	1	103	0.00	0.00
0	2011	4	1	1	104	0.00	0.00
0	2011	4	1	1	105	0.00	0.00
0	2011	4	1	1	106	0.00	0.00
0	2011	4	1	1	107	0.00	0.00
0	2011	4	1	1	108	0.00	0.00
0	2011	4	1	1	109	0.00	0.00
0	2011	4	1	1	110	0.00	0.00
0	2011	4	1	1	111	0.00	0.00
0	2011	4	1	1	112	0.00	0.00
0	2011	4	1	1	113	0.00	0.00
0	2011	4	1	1	114	0.00	0.00
0	2011	4	1	1	115	0.00	0.00
0	2011	4	1	1	116	0.00	0.00
0	2011	4	1	1	117	0.00	0.00
0	2011	4	1	1	118	0.00	0.00
0	2011	4	1	1	119	0.00	0.00
0	2011	4	1	1	120	0.00	0.00
0	2011	5	0	0	0	127.00	10.00
0	2011	5	0	0	1	355.00	5.00
0	2011	5	0	0	2	469.00	7.00
0	2011	5	0	0	3	666.00	6.00
0	2011	5	0	0	4	812.00	11.00
0	2011	5	0	0	5	910.00	8.00
0	2011	5	0	0	6	1024.00	14.00
0	2011	5	0	0	7	1162.00	13.00
0	2011	5	0	0	8	1128.00	7.00
0	2011	5	0	0	9	1255.00	10.00
0	2011	5	0	0	10	1287.00	19.00
0	2011	5	0	0	11	1389.00	17.00
0	2011	5	0	0	12	1447.00	10.00
0	2011	5	0	0	13	1515.00	24.00
0	2011	5	0	0	14	1500.00	21.00
0	2011	5	0	0	15	1573.00	659.00
0	2011	5	0	0	16	1552.00	1001.00
0	2011	5	0	0	17	1645.00	1199.00
0	2011	5	0	0	18	1930.00	1297.00
0	2011	5	0	0	19	2429.00	1341.00
0	2011	5	0	0	20	2970.00	2400.00
0	2011	5	0	0	21	3453.00	3043.00
0	2011	5	0	0	22	3815.00	3368.00
0	2011	5	0	0	23	4266.00	3675.00
0	2011	5	0	0	24	4492.00	3672.00
0	2011	5	0	0	25	5372.00	3130.00
0	2011	5	0	0	26	5440.00	2905.00
0	2011	5	0	0	27	5825.00	2767.00
0	2011	5	0	0	28	6240.00	2684.00
0	2011	5	0	0	29	6274.00	2582.00
0	2011	5	0	0	30	6647.00	1816.00
0	2011	5	0	0	31	6977.00	1375.00
0	2011	5	0	0	32	6923.00	1095.00
0	2011	5	0	0	33	7021.00	979.00
0	2011	5	0	0	34	7342.00	973.00
0	2011	5	0	0	35	6771.00	608.00
0	2011	5	0	0	36	6129.00	487.00
0	2011	5	0	0	37	6303.00	432.00
0	2011	5	0	0	38	6081.00	369.00
0	2011	5	0	0	39	5461.00	352.00
0	2011	5	0	0	40	5332.00	260.00
0	2011	5	0	0	41	5288.00	199.00
0	2011	5	0	0	42	5263.00	147.00
0	2011	5	0	0	43	5029.00	125.00
0	2011	5	0	0	44	4544.00	138.00
0	2011	5	0	0	45	4163.00	110.00
0	2011	5	0	0	46	3930.00	72.00
0	2011	5	0	0	47	3647.00	63.00
0	2011	5	0	0	48	3751.00	62.00
0	2011	5	0	0	49	4130.00	53.00
0	2011	5	0	0	50	4055.00	39.00
0	2011	5	0	0	51	4008.00	27.00
0	2011	5	0	0	52	3899.00	22.00
0	2011	5	0	0	53	3947.00	25.00
0	2011	5	0	0	54	3961.00	21.00
0	2011	5	0	0	55	3693.00	11.00
0	2011	5	0	0	56	3526.00	11.00
0	2011	5	0	0	57	3383.00	8.00
0	2011	5	0	0	58	3930.00	10.00
0	2011	5	0	0	59	3374.00	10.00
0	2011	5	0	0	60	2659.00	8.00
0	2011	5	0	0	61	2112.00	13.00
0	2011	5	0	0	62	1619.00	6.00
0	2011	5	0	0	63	1453.00	2.00
0	2011	5	0	0	64	1265.00	15.00
0	2011	5	0	0	65	1131.00	3.00
0	2011	5	0	0	66	1277.00	5.00
0	2011	5	0	0	67	1217.00	0.00
0	2011	5	0	0	68	1604.00	1.00
0	2011	5	0	0	69	1424.00	4.00
0	2011	5	0	0	70	1659.00	0.00
0	2011	5	0	0	71	1835.00	0.00
0	2011	5	0	0	72	1606.00	0.00
0	2011	5	0	0	73	1602.00	0.00
0	2011	5	0	0	74	1633.00	0.00
0	2011	5	0	0	75	1528.00	0.00
0	2011	5	0	0	76	1262.00	0.00
0	2011	5	0	0	77	1054.00	0.00
0	2011	5	0	0	78	974.00	0.00
0	2011	5	0	0	79	867.00	0.00
0	2011	5	0	0	80	792.00	0.00
0	2011	5	0	0	81	695.00	1.00
0	2011	5	0	0	82	472.00	1.00
0	2011	5	0	0	83	408.00	0.00
0	2011	5	0	0	84	397.00	0.00
0	2011	5	0	0	85	295.00	0.00
0	2011	5	0	0	86	223.00	1.00
0	2011	5	0	0	87	173.00	0.00
0	2011	5	0	0	88	133.00	0.00
0	2011	5	0	0	89	152.00	0.00
0	2011	5	0	0	90	88.00	0.00
0	2011	5	0	0	91	60.00	0.00
0	2011	5	0	0	92	43.00	0.00
0	2011	5	0	0	93	27.00	0.00
0	2011	5	0	0	94	12.00	0.00
0	2011	5	0	0	95	13.00	0.00
0	2011	5	0	0	96	14.00	0.00
0	2011	5	0	0	97	9.00	0.00
0	2011	5	0	0	98	3.00	0.00
0	2011	5	0	0	99	8.00	0.00
0	2011	5	0	0	100	10.00	3.00
0	2011	5	0	0	101	0.00	9.00
0	2011	5	0	0	102	0.00	12.00
0	2011	5	0	0	103	0.00	11.00
0	2011	5	0	0	104	0.00	7.00
0	2011	5	0	0	105	0.00	5.00
0	2011	5	0	0	106	0.00	0.00
0	2011	5	0	0	107	0.00	2.00
0	2011	5	0	0	108	0.00	1.00
0	2011	5	0	0	109	0.00	0.00
0	2011	5	0	0	110	0.00	2.00
0	2011	5	0	0	111	0.00	0.00
0	2011	5	0	0	112	0.00	0.00
0	2011	5	0	0	113	0.00	0.00
0	2011	5	0	0	114	0.00	0.00
0	2011	5	0	0	115	0.00	0.00
0	2011	5	0	0	116	0.00	0.00
0	2011	5	0	0	117	0.00	0.00
0	2011	5	0	0	118	0.00	0.00
0	2011	5	0	0	119	0.00	0.00
0	2011	5	0	0	120	0.00	0.00
0	2011	5	0	1	0	12203.00	0.00
0	2011	5	0	1	1	12769.00	0.00
0	2011	5	0	1	2	12955.00	0.00
0	2011	5	0	1	3	12772.00	0.00
0	2011	5	0	1	4	12036.00	0.00
0	2011	5	0	1	5	12182.00	0.00
0	2011	5	0	1	6	11219.00	0.00
0	2011	5	0	1	7	10555.00	0.00
0	2011	5	0	1	8	10693.00	0.00
0	2011	5	0	1	9	10405.00	0.00
0	2011	5	0	1	10	9493.00	0.00
0	2011	5	0	1	11	9351.00	0.00
0	2011	5	0	1	12	8944.00	0.00
0	2011	5	0	1	13	8491.00	0.00
0	2011	5	0	1	14	8095.00	0.00
0	2011	5	0	1	15	8029.00	0.00
0	2011	5	0	1	16	7893.00	0.00
0	2011	5	0	1	17	7728.00	0.00
0	2011	5	0	1	18	7456.00	0.00
0	2011	5	0	1	19	7196.00	0.00
0	2011	5	0	1	20	6821.00	0.00
0	2011	5	0	1	21	6500.00	0.00
0	2011	5	0	1	22	6117.00	0.00
0	2011	5	0	1	23	6228.00	0.00
0	2011	5	0	1	24	6183.00	0.00
0	2011	5	0	1	25	6151.00	0.00
0	2011	5	0	1	26	5990.00	0.00
0	2011	5	0	1	27	5683.00	0.00
0	2011	5	0	1	28	5656.00	0.00
0	2011	5	0	1	29	5496.00	0.00
0	2011	5	0	1	30	5727.00	0.00
0	2011	5	0	1	31	5312.00	0.00
0	2011	5	0	1	32	4801.00	0.00
0	2011	5	0	1	33	4013.00	0.00
0	2011	5	0	1	34	3571.00	0.00
0	2011	5	0	1	35	3052.00	0.00
0	2011	5	0	1	36	2805.00	0.00
0	2011	5	0	1	37	2837.00	0.00
0	2011	5	0	1	38	2866.00	0.00
0	2011	5	0	1	39	3056.00	0.00
0	2011	5	0	1	40	2984.00	0.00
0	2011	5	0	1	41	2798.00	0.00
0	2011	5	0	1	42	2360.00	0.00
0	2011	5	0	1	43	1920.00	0.00
0	2011	5	0	1	44	1304.00	0.00
0	2011	5	0	1	45	972.00	0.00
0	2011	5	0	1	46	672.00	0.00
0	2011	5	0	1	47	405.00	0.00
0	2011	5	0	1	48	296.00	0.00
0	2011	5	0	1	49	215.00	0.00
0	2011	5	0	1	50	184.00	0.00
0	2011	5	0	1	51	163.00	0.00
0	2011	5	0	1	52	142.00	0.00
0	2011	5	0	1	53	123.00	0.00
0	2011	5	0	1	54	117.00	0.00
0	2011	5	0	1	55	117.00	0.00
0	2011	5	0	1	56	82.00	0.00
0	2011	5	0	1	57	70.00	0.00
0	2011	5	0	1	58	87.00	0.00
0	2011	5	0	1	59	82.00	0.00
0	2011	5	0	1	60	60.00	0.00
0	2011	5	0	1	61	47.00	0.00
0	2011	5	0	1	62	38.00	0.00
0	2011	5	0	1	63	28.00	0.00
0	2011	5	0	1	64	40.00	0.00
0	2011	5	0	1	65	32.00	0.00
0	2011	5	0	1	66	22.00	0.00
0	2011	5	0	1	67	36.00	0.00
0	2011	5	0	1	68	26.00	0.00
0	2011	5	0	1	69	27.00	0.00
0	2011	5	0	1	70	36.00	0.00
0	2011	5	0	1	71	34.00	0.00
0	2011	5	0	1	72	21.00	0.00
0	2011	5	0	1	73	32.00	0.00
0	2011	5	0	1	74	29.00	0.00
0	2011	5	0	1	75	27.00	0.00
0	2011	5	0	1	76	22.00	0.00
0	2011	5	0	1	77	13.00	0.00
0	2011	5	0	1	78	17.00	0.00
0	2011	5	0	1	79	15.00	0.00
0	2011	5	0	1	80	17.00	0.00
0	2011	5	0	1	81	11.00	0.00
0	2011	5	0	1	82	15.00	0.00
0	2011	5	0	1	83	10.00	0.00
0	2011	5	0	1	84	9.00	0.00
0	2011	5	0	1	85	9.00	0.00
0	2011	5	0	1	86	5.00	0.00
0	2011	5	0	1	87	8.00	0.00
0	2011	5	0	1	88	6.00	0.00
0	2011	5	0	1	89	9.00	0.00
0	2011	5	0	1	90	9.00	0.00
0	2011	5	0	1	91	1.00	0.00
0	2011	5	0	1	92	2.00	0.00
0	2011	5	0	1	93	0.00	0.00
0	2011	5	0	1	94	0.00	0.00
0	2011	5	0	1	95	4.00	0.00
0	2011	5	0	1	96	1.00	0.00
0	2011	5	0	1	97	3.00	0.00
0	2011	5	0	1	98	0.00	0.00
0	2011	5	0	1	99	1.00	0.00
0	2011	5	0	1	100	4.00	0.00
0	2011	5	0	1	101	0.00	0.00
0	2011	5	0	1	102	0.00	0.00
0	2011	5	0	1	103	0.00	0.00
0	2011	5	0	1	104	0.00	0.00
0	2011	5	0	1	105	0.00	0.00
0	2011	5	0	1	106	0.00	0.00
0	2011	5	0	1	107	0.00	0.00
0	2011	5	0	1	108	0.00	0.00
0	2011	5	0	1	109	0.00	0.00
0	2011	5	0	1	110	0.00	0.00
0	2011	5	0	1	111	0.00	0.00
0	2011	5	0	1	112	0.00	0.00
0	2011	5	0	1	113	0.00	0.00
0	2011	5	0	1	114	0.00	0.00
0	2011	5	0	1	115	0.00	0.00
0	2011	5	0	1	116	0.00	0.00
0	2011	5	0	1	117	0.00	0.00
0	2011	5	0	1	118	0.00	0.00
0	2011	5	0	1	119	0.00	0.00
0	2011	5	0	1	120	0.00	0.00
0	2011	5	1	0	0	128.00	1.00
0	2011	5	1	0	1	258.00	4.00
0	2011	5	1	0	2	453.00	9.00
0	2011	5	1	0	3	649.00	10.00
0	2011	5	1	0	4	772.00	7.00
0	2011	5	1	0	5	975.00	13.00
0	2011	5	1	0	6	979.00	13.00
0	2011	5	1	0	7	1068.00	11.00
0	2011	5	1	0	8	1010.00	9.00
0	2011	5	1	0	9	1169.00	9.00
0	2011	5	1	0	10	1244.00	191.00
0	2011	5	1	0	11	1278.00	343.00
0	2011	5	1	0	12	1320.00	390.00
0	2011	5	1	0	13	1379.00	410.00
0	2011	5	1	0	14	1422.00	427.00
0	2011	5	1	0	15	1394.00	825.00
0	2011	5	1	0	16	1484.00	1088.00
0	2011	5	1	0	17	1376.00	1278.00
0	2011	5	1	0	18	1518.00	1348.00
0	2011	5	1	0	19	1567.00	1325.00
0	2011	5	1	0	20	1807.00	1258.00
0	2011	5	1	0	21	2410.00	1254.00
0	2011	5	1	0	22	3327.00	1300.00
0	2011	5	1	0	23	3926.00	1352.00
0	2011	5	1	0	24	4348.00	1305.00
0	2011	5	1	0	25	4842.00	984.00
0	2011	5	1	0	26	5295.00	790.00
0	2011	5	1	0	27	5507.00	673.00
0	2011	5	1	0	28	6007.00	610.00
0	2011	5	1	0	29	6102.00	580.00
0	2011	5	1	0	30	6166.00	418.00
0	2011	5	1	0	31	6510.00	312.00
0	2011	5	1	0	32	6172.00	236.00
0	2011	5	1	0	33	5874.00	232.00
0	2011	5	1	0	34	6017.00	208.00
0	2011	5	1	0	35	5769.00	149.00
0	2011	5	1	0	36	5264.00	123.00
0	2011	5	1	0	37	5358.00	99.00
0	2011	5	1	0	38	5218.00	85.00
0	2011	5	1	0	39	4944.00	82.00
0	2011	5	1	0	40	4818.00	61.00
0	2011	5	1	0	41	4739.00	43.00
0	2011	5	1	0	42	4548.00	38.00
0	2011	5	1	0	43	4316.00	29.00
0	2011	5	1	0	44	4184.00	38.00
0	2011	5	1	0	45	3948.00	23.00
0	2011	5	1	0	46	3651.00	18.00
0	2011	5	1	0	47	3542.00	8.00
0	2011	5	1	0	48	3652.00	13.00
0	2011	5	1	0	49	3861.00	7.00
0	2011	5	1	0	50	3847.00	10.00
0	2011	5	1	0	51	4078.00	4.00
0	2011	5	1	0	52	3976.00	6.00
0	2011	5	1	0	53	3930.00	7.00
0	2011	5	1	0	54	3846.00	9.00
0	2011	5	1	0	55	3687.00	9.00
0	2011	5	1	0	56	3643.00	10.00
0	2011	5	1	0	57	3202.00	4.00
0	2011	5	1	0	58	3048.00	3.00
0	2011	5	1	0	59	2501.00	4.00
0	2011	5	1	0	60	2452.00	3.00
0	2011	5	1	0	61	2304.00	4.00
0	2011	5	1	0	62	2084.00	0.00
0	2011	5	1	0	63	1961.00	1.00
0	2011	5	1	0	64	1778.00	1.00
0	2011	5	1	0	65	1591.00	0.00
0	2011	5	1	0	66	1548.00	1.00
0	2011	5	1	0	67	1329.00	0.00
0	2011	5	1	0	68	1408.00	0.00
0	2011	5	1	0	69	1324.00	1.00
0	2011	5	1	0	70	1417.00	1.00
0	2011	5	1	0	71	1470.00	0.00
0	2011	5	1	0	72	1385.00	0.00
0	2011	5	1	0	73	1336.00	0.00
0	2011	5	1	0	74	1296.00	0.00
0	2011	5	1	0	75	1237.00	0.00
0	2011	5	1	0	76	1174.00	0.00
0	2011	5	1	0	77	1073.00	0.00
0	2011	5	1	0	78	904.00	0.00
0	2011	5	1	0	79	751.00	0.00
0	2011	5	1	0	80	785.00	0.00
0	2011	5	1	0	81	694.00	0.00
0	2011	5	1	0	82	453.00	0.00
0	2011	5	1	0	83	399.00	0.00
0	2011	5	1	0	84	296.00	0.00
0	2011	5	1	0	85	261.00	0.00
0	2011	5	1	0	86	226.00	0.00
0	2011	5	1	0	87	183.00	0.00
0	2011	5	1	0	88	102.00	0.00
0	2011	5	1	0	89	75.00	0.00
0	2011	5	1	0	90	109.00	0.00
0	2011	5	1	0	91	78.00	0.00
0	2011	5	1	0	92	43.00	0.00
0	2011	5	1	0	93	50.00	0.00
0	2011	5	1	0	94	26.00	0.00
0	2011	5	1	0	95	26.00	0.00
0	2011	5	1	0	96	23.00	0.00
0	2011	5	1	0	97	17.00	0.00
0	2011	5	1	0	98	15.00	0.00
0	2011	5	1	0	99	8.00	0.00
0	2011	5	1	0	100	45.00	0.00
0	2011	5	1	0	101	0.00	0.00
0	2011	5	1	0	102	0.00	0.00
0	2011	5	1	0	103	0.00	0.00
0	2011	5	1	0	104	0.00	0.00
0	2011	5	1	0	105	0.00	0.00
0	2011	5	1	0	106	0.00	0.00
0	2011	5	1	0	107	0.00	0.00
0	2011	5	1	0	108	0.00	0.00
0	2011	5	1	0	109	0.00	0.00
0	2011	5	1	0	110	0.00	0.00
0	2011	5	1	0	111	0.00	0.00
0	2011	5	1	0	112	0.00	0.00
0	2011	5	1	0	113	0.00	0.00
0	2011	5	1	0	114	0.00	0.00
0	2011	5	1	0	115	0.00	0.00
0	2011	5	1	0	116	0.00	0.00
0	2011	5	1	0	117	0.00	0.00
0	2011	5	1	0	118	0.00	0.00
0	2011	5	1	0	119	0.00	0.00
0	2011	5	1	0	120	0.00	0.00
0	2011	5	1	1	0	11990.00	0.00
0	2011	5	1	1	1	12329.00	0.00
0	2011	5	1	1	2	12539.00	0.00
0	2011	5	1	1	3	12176.00	0.00
0	2011	5	1	1	4	11796.00	0.00
0	2011	5	1	1	5	11817.00	0.00
0	2011	5	1	1	6	10887.00	0.00
0	2011	5	1	1	7	10327.00	0.00
0	2011	5	1	1	8	10208.00	0.00
0	2011	5	1	1	9	10012.00	0.00
0	2011	5	1	1	10	9215.00	0.00
0	2011	5	1	1	11	8900.00	0.00
0	2011	5	1	1	12	8570.00	0.00
0	2011	5	1	1	13	7980.00	0.00
0	2011	5	1	1	14	7764.00	0.00
0	2011	5	1	1	15	7698.00	0.00
0	2011	5	1	1	16	7541.00	0.00
0	2011	5	1	1	17	7587.00	0.00
0	2011	5	1	1	18	7331.00	0.00
0	2011	5	1	1	19	6891.00	0.00
0	2011	5	1	1	20	6608.00	0.00
0	2011	5	1	1	21	6270.00	0.00
0	2011	5	1	1	22	5917.00	0.00
0	2011	5	1	1	23	6027.00	0.00
0	2011	5	1	1	24	6071.00	0.00
0	2011	5	1	1	25	6073.00	0.00
0	2011	5	1	1	26	5816.00	0.00
0	2011	5	1	1	27	5758.00	0.00
0	2011	5	1	1	28	5755.00	0.00
0	2011	5	1	1	29	5734.00	0.00
0	2011	5	1	1	30	5880.00	0.00
0	2011	5	1	1	31	5502.00	0.00
0	2011	5	1	1	32	4955.00	0.00
0	2011	5	1	1	33	4162.00	0.00
0	2011	5	1	1	34	3727.00	0.00
0	2011	5	1	1	35	3132.00	0.00
0	2011	5	1	1	36	2942.00	0.00
0	2011	5	1	1	37	2944.00	0.00
0	2011	5	1	1	38	3048.00	0.00
0	2011	5	1	1	39	3196.00	0.00
0	2011	5	1	1	40	3127.00	0.00
0	2011	5	1	1	41	2846.00	0.00
0	2011	5	1	1	42	2393.00	0.00
0	2011	5	1	1	43	1945.00	0.00
0	2011	5	1	1	44	1384.00	0.00
0	2011	5	1	1	45	1083.00	0.00
0	2011	5	1	1	46	644.00	0.00
0	2011	5	1	1	47	449.00	0.00
0	2011	5	1	1	48	318.00	0.00
0	2011	5	1	1	49	238.00	0.00
0	2011	5	1	1	50	194.00	0.00
0	2011	5	1	1	51	162.00	0.00
0	2011	5	1	1	52	144.00	0.00
0	2011	5	1	1	53	124.00	0.00
0	2011	5	1	1	54	105.00	0.00
0	2011	5	1	1	55	105.00	0.00
0	2011	5	1	1	56	96.00	0.00
0	2011	5	1	1	57	90.00	0.00
0	2011	5	1	1	58	67.00	0.00
0	2011	5	1	1	59	50.00	0.00
0	2011	5	1	1	60	46.00	0.00
0	2011	5	1	1	61	73.00	0.00
0	2011	5	1	1	62	42.00	0.00
0	2011	5	1	1	63	41.00	0.00
0	2011	5	1	1	64	41.00	0.00
0	2011	5	1	1	65	30.00	0.00
0	2011	5	1	1	66	29.00	0.00
0	2011	5	1	1	67	36.00	0.00
0	2011	5	1	1	68	28.00	0.00
0	2011	5	1	1	69	33.00	0.00
0	2011	5	1	1	70	22.00	0.00
0	2011	5	1	1	71	26.00	0.00
0	2011	5	1	1	72	36.00	0.00
0	2011	5	1	1	73	27.00	0.00
0	2011	5	1	1	74	20.00	0.00
0	2011	5	1	1	75	34.00	0.00
0	2011	5	1	1	76	28.00	0.00
0	2011	5	1	1	77	24.00	0.00
0	2011	5	1	1	78	24.00	0.00
0	2011	5	1	1	79	15.00	0.00
0	2011	5	1	1	80	22.00	0.00
0	2011	5	1	1	81	12.00	0.00
0	2011	5	1	1	82	21.00	0.00
0	2011	5	1	1	83	14.00	0.00
0	2011	5	1	1	84	12.00	0.00
0	2011	5	1	1	85	5.00	0.00
0	2011	5	1	1	86	4.00	0.00
0	2011	5	1	1	87	3.00	0.00
0	2011	5	1	1	88	4.00	0.00
0	2011	5	1	1	89	0.00	0.00
0	2011	5	1	1	90	3.00	0.00
0	2011	5	1	1	91	5.00	0.00
0	2011	5	1	1	92	2.00	0.00
0	2011	5	1	1	93	2.00	0.00
0	2011	5	1	1	94	2.00	0.00
0	2011	5	1	1	95	1.00	0.00
0	2011	5	1	1	96	0.00	0.00
0	2011	5	1	1	97	1.00	0.00
0	2011	5	1	1	98	1.00	0.00
0	2011	5	1	1	99	5.00	0.00
0	2011	5	1	1	100	4.00	0.00
0	2011	5	1	1	101	0.00	0.00
0	2011	5	1	1	102	0.00	0.00
0	2011	5	1	1	103	0.00	0.00
0	2011	5	1	1	104	0.00	0.00
0	2011	5	1	1	105	0.00	0.00
0	2011	5	1	1	106	0.00	0.00
0	2011	5	1	1	107	0.00	0.00
0	2011	5	1	1	108	0.00	0.00
0	2011	5	1	1	109	0.00	0.00
0	2011	5	1	1	110	0.00	0.00
0	2011	5	1	1	111	0.00	0.00
0	2011	5	1	1	112	0.00	0.00
0	2011	5	1	1	113	0.00	0.00
0	2011	5	1	1	114	0.00	0.00
0	2011	5	1	1	115	0.00	0.00
0	2011	5	1	1	116	0.00	0.00
0	2011	5	1	1	117	0.00	0.00
0	2011	5	1	1	118	0.00	0.00
0	2011	5	1	1	119	0.00	0.00
0	2011	5	1	1	120	0.00	0.00
